period,clock,clock_display,game_clock,minutes_left_in_game,actionNumber,actionType,description,qualifier,playerName,scoreHome,scoreAway,shotResult,isFieldGoal,assisted,person_id,assister_id,previous_action,next_action,foulDrawnPersonId,stealPersonId,blockPersonId,players_on,teamId,game_id
1,PT11M38.00S,11:38,Q1 11:38,46.36666666666667,7,2pt,S. Bey 17' pullup Jump Shot (2 PTS) (M. Plumlee 1 AST),[],Bey,0,2,Made,True,True,1630180,203486.0,,2pt missed,,,,1626153|1628960|1629630|1629634|1630180|201961|202685|203486|203924|203937,1610612765.0,22000452
1,PT11M22.00S,11:22,Q1 11:22,46.63333333333333,9,2pt,MISS J. Valanciunas 14' pullup Shot,['pointsinthepaint'],Valanciunas,0,2,Missed,True,False,202685,,2pt made,rebound,,,,1626153|1628960|1629630|1629634|1630180|201961|202685|203486|203924|203937,1610612763.0,22000452
1,PT11M19.00S,11:19,Q1 11:19,46.68333333333333,10,rebound,M. Plumlee REBOUND (Off:0 Def:1),[],Plumlee,0,2,,False,False,203486,,2pt missed,2pt missed,,,,1626153|1628960|1629630|1629634|1630180|201961|202685|203486|203924|203937,1610612765.0,22000452
1,PT11M10.00S,11:10,Q1 11:10,46.833333333333336,11,2pt,MISS J. Grant 19' pullup Shot,[],Grant,0,2,Missed,True,False,203924,,rebound,rebound,,,,1626153|1628960|1629630|1629634|1630180|201961|202685|203486|203924|203937,1610612765.0,22000452
1,PT11M08.00S,11:08,Q1 11:08,46.86666666666667,12,rebound,B. Clarke REBOUND (Off:0 Def:1),[],Clarke,0,2,,False,False,1629634,,2pt missed,3pt made,,,,1626153|1628960|1629630|1629634|1630180|201961|202685|203486|203924|203937,1610612763.0,22000452
1,PT11M02.00S,11:02,Q1 11:02,46.96666666666667,13,3pt,K. Anderson 3PT  (3 PTS) (J. Morant 1 AST),['fastbreak'],Anderson,3,2,Made,True,True,203937,1629630.0,rebound,turnover,,,,1626153|1628960|1629630|1629634|1630180|201961|202685|203486|203924|203937,1610612763.0,22000452
1,PT10M48.00S,10:48,Q1 10:48,45.2,15,turnover,M. Plumlee lost ball TURNOVER (1 TO),[],Plumlee,3,2,,False,False,203486,,3pt made,steal,,1628960.0,,1626153|1628960|1629630|1629634|1630180|201961|202685|203486|203924|203937,1610612765.0,22000452
1,PT10M48.00S,10:48,Q1 10:48,45.2,16,steal,G. Allen STEAL (1 STL),[],Allen,3,2,,False,False,1628960,,turnover,3pt missed,,,,1626153|1628960|1629630|1629634|1630180|201961|202685|203486|203924|203937,1610612763.0,22000452
1,PT10M38.00S,10:38,Q1 10:38,45.36666666666667,17,3pt,MISS B. Clarke 3PT,['fromturnover'],Clarke,3,2,Missed,True,False,1629634,,steal,rebound,,,,1626153|1628960|1629630|1629634|1630180|201961|202685|203486|203924|203937,1610612763.0,22000452
1,PT10M35.00S,10:35,Q1 10:35,45.416666666666664,18,rebound,D. Wright REBOUND (Off:0 Def:1),[],Wright,3,2,,False,False,1626153,,3pt missed,3pt missed,,,,1626153|1628960|1629630|1629634|1630180|201961|202685|203486|203924|203937,1610612765.0,22000452
1,PT10M21.00S,10:21,Q1 10:21,45.65,19,3pt,MISS S. Bey 3PT,[],Bey,3,2,Missed,True,False,1630180,,rebound,rebound,,,,1626153|1628960|1629630|1629634|1630180|201961|202685|203486|203924|203937,1610612765.0,22000452
1,PT10M20.00S,10:20,Q1 10:20,45.666666666666664,20,rebound,B. Clarke REBOUND (Off:0 Def:2),[],Clarke,3,2,,False,False,1629634,,3pt missed,3pt missed,,,,1626153|1628960|1629630|1629634|1630180|201961|202685|203486|203924|203937,1610612763.0,22000452
1,PT10M08.00S,10:08,Q1 10:08,45.86666666666667,21,3pt,MISS G. Allen 25' 3PT,[],Allen,3,2,Missed,True,False,1628960,,rebound,rebound,,,,1626153|1628960|1629630|1629634|1630180|201961|202685|203486|203924|203937,1610612763.0,22000452
1,PT10M03.00S,10:03,Q1 10:03,45.95,22,rebound,J. Valanciunas REBOUND (Off:1 Def:0),[],Valanciunas,3,2,,False,False,202685,,3pt missed,2pt made,,,,1626153|1628960|1629630|1629634|1630180|201961|202685|203486|203924|203937,1610612763.0,22000452
1,PT10M03.00S,10:03,Q1 10:03,45.95,23,2pt,J. Valanciunas putback Layup (2 PTS),"['pointsinthepaint', '2ndchance']",Valanciunas,5,2,Made,True,False,202685,,rebound,3pt made,,,,1626153|1628960|1629630|1629634|1630180|201961|202685|203486|203924|203937,1610612763.0,22000452
1,PT09M41.00S,09:41,Q1 09:41,44.31666666666667,24,3pt,D. Wright 3PT  (3 PTS) (S. Bey 1 AST),[],Wright,5,5,Made,True,True,1626153,1630180.0,2pt made,2pt made,,,,1626153|1628960|1629630|1629634|1630180|201961|202685|203486|203924|203937,1610612765.0,22000452
1,PT09M28.00S,09:28,Q1 09:28,44.53333333333333,26,2pt,J. Morant 6' driving floating Jump Shot (2 PTS),['pointsinthepaint'],Morant,7,5,Made,True,False,1629630,,3pt made,2pt missed,,,,1626153|1628960|1629630|1629634|1630180|201961|202685|203486|203924|203937,1610612763.0,22000452
1,PT09M07.00S,09:07,Q1 09:07,44.88333333333333,29,2pt,MISS M. Plumlee 19' pullup Shot,[],Plumlee,7,5,Missed,True,False,203486,,2pt made,rebound,,,,1626153|1628960|1629630|1629634|1630180|201961|202685|203486|203924|203937,1610612765.0,22000452
1,PT09M04.00S,09:04,Q1 09:04,44.93333333333333,30,rebound,M. Plumlee REBOUND (Off:1 Def:1),[],Plumlee,7,5,,False,False,203486,,2pt missed,3pt missed,,,,1626153|1628960|1629630|1629634|1630180|201961|202685|203486|203924|203937,1610612765.0,22000452
1,PT09M01.00S,09:01,Q1 09:01,44.983333333333334,31,3pt,MISS W. Ellington 26' 3PT,['2ndchance'],Ellington,7,5,Missed,True,False,201961,,rebound,rebound,,,,1626153|1628960|1629630|1629634|1630180|201961|202685|203486|203924|203937,1610612765.0,22000452
1,PT08M59.00S,08:59,Q1 08:59,43.016666666666666,32,rebound,B. Clarke REBOUND (Off:0 Def:3),[],Clarke,7,5,,False,False,1629634,,3pt missed,2pt made,,,,1626153|1628960|1629630|1629634|1630180|201961|202685|203486|203924|203937,1610612763.0,22000452
1,PT08M47.00S,08:47,Q1 08:47,43.21666666666667,33,2pt,J. Morant 8' driving floating Jump Shot (4 PTS),['pointsinthepaint'],Morant,9,5,Made,True,False,1629630,,rebound,2pt missed,,,,1626153|1628960|1629630|1629634|1630180|201961|202685|203486|203924|203937,1610612763.0,22000452
1,PT08M27.00S,08:27,Q1 08:27,43.55,34,2pt,MISS M. Plumlee 14' fadeaway Shot,['pointsinthepaint'],Plumlee,9,5,Missed,True,False,203486,,2pt made,rebound,,,,1626153|1628960|1629630|1629634|1630180|201961|202685|203486|203924|203937,1610612765.0,22000452
1,PT08M25.00S,08:25,Q1 08:25,43.583333333333336,35,rebound,J. Valanciunas REBOUND (Off:1 Def:1),[],Valanciunas,9,5,,False,False,202685,,2pt missed,2pt made,,,,1626153|1628960|1629630|1629634|1630180|201961|202685|203486|203924|203937,1610612763.0,22000452
1,PT08M06.00S,08:06,Q1 08:06,43.9,36,2pt,J. Valanciunas turnaround fadeaway Jump Shot (4 PTS) (G. Allen 1 AST),['pointsinthepaint'],Valanciunas,11,5,Made,True,True,202685,1628960.0,rebound,2pt made,,,,1626153|1628960|1629630|1629634|1630180|201961|202685|203486|203924|203937,1610612763.0,22000452
1,PT07M53.00S,07:53,Q1 07:53,42.11666666666667,38,2pt,M. Plumlee Hook (2 PTS) (W. Ellington 1 AST),['pointsinthepaint'],Plumlee,11,7,Made,True,True,203486,201961.0,2pt made,foul,,,,1626153|1628960|1629630|1629634|1630180|201961|202685|203486|203924|203937,1610612765.0,22000452
1,PT07M34.00S,07:34,Q1 07:34,42.43333333333333,40,foul,M. Plumlee personal FOUL (1 PF),[],Plumlee,11,7,,False,False,203486,,2pt made,2pt missed,202685.0,,,1626153|1628960|1629630|1629634|1630180|201961|202685|203486|203924|203937,1610612765.0,22000452
1,PT07M26.00S,07:26,Q1 07:26,42.56666666666667,42,2pt,MISS J. Morant finger roll Layup,['pointsinthepaint'],Morant,11,7,Missed,True,False,1629630,,foul,rebound,,,,1626153|1628960|1629630|1629634|1630180|201961|202685|203486|203924|203937,1610612763.0,22000452
1,PT07M22.00S,07:22,Q1 07:22,42.63333333333333,43,rebound,J. Valanciunas REBOUND (Off:2 Def:1),[],Valanciunas,11,7,,False,False,202685,,2pt missed,2pt made,,,,1626153|1628960|1629630|1629634|1630180|201961|202685|203486|203924|203937,1610612763.0,22000452
1,PT07M22.00S,07:22,Q1 07:22,42.63333333333333,44,2pt,J. Valanciunas tip Layup (6 PTS),"['pointsinthepaint', '2ndchance']",Valanciunas,13,7,Made,True,False,202685,,rebound,foul,,,,1626153|1628960|1629630|1629634|1630180|201961|202685|203486|203924|203937,1610612763.0,22000452
1,PT07M10.00S,07:10,Q1 07:10,42.833333333333336,45,foul,J. Morant personal FOUL (1 PF),[],Morant,13,7,,False,False,1629630,,2pt made,2pt missed,203486.0,,,1626153|1628960|1629630|1629634|1630180|201961|202685|203486|203924|203937,1610612763.0,22000452
1,PT07M02.00S,07:02,Q1 07:02,42.96666666666667,47,2pt,MISS J. Grant 10' turnaround fadeaway Shot,['pointsinthepaint'],Grant,13,7,Missed,True,False,203924,,foul,rebound,,,,1626153|1628960|1629630|1629634|1630180|201961|202685|203486|203924|203937,1610612765.0,22000452
1,PT06M59.00S,06:59,Q1 06:59,41.016666666666666,48,rebound,J. Valanciunas REBOUND (Off:2 Def:2),[],Valanciunas,13,7,,False,False,202685,,2pt missed,2pt made,,,,1626153|1628960|1629630|1629634|1630180|201961|202685|203486|203924|203937,1610612763.0,22000452
1,PT06M53.00S,06:53,Q1 06:53,41.11666666666667,49,2pt,G. Allen driving Layup (2 PTS),['pointsinthepaint'],Allen,15,7,Made,True,False,1628960,,rebound,timeout,,,,1626153|1628960|1629630|1629634|1630180|201961|202685|203486|203924|203937,1610612763.0,22000452
1,PT06M47.00S,06:47,Q1 06:47,41.21666666666667,50,timeout,DET Timeout,"['team', 'mandatory']",,15,7,,False,False,0,,2pt made,substitution,,,,1626153|1628960|1629630|1629634|1630180|201961|202685|203486|203924|203937,1610612765.0,22000452
1,PT06M47.00S,06:47,Q1 06:47,41.21666666666667,51,substitution,SUB out: K. Anderson,[],Anderson,15,7,,False,False,203937,,timeout,substitution,,,,1626153|1628960|1629630|1629634|1630180|201961|202685|203486|203924,1610612763.0,22000452
1,PT06M47.00S,06:47,Q1 06:47,41.21666666666667,52,substitution,SUB in: D. Bane,[],Bane,15,7,,False,False,1630217,,substitution,2pt made,,,,1626153|1628960|1629630|1629634|1630180|1630217|201961|202685|203486|203924,1610612763.0,22000452
1,PT06M32.00S,06:32,Q1 06:32,41.46666666666667,53,2pt,W. Ellington 11' Jump Shot (2 PTS) (M. Plumlee 2 AST),[],Ellington,15,9,Made,True,True,201961,203486.0,substitution,2pt made,,,,1626153|1628960|1629630|1629634|1630180|1630217|201961|202685|203486|203924,1610612765.0,22000452
1,PT06M17.00S,06:17,Q1 06:17,41.71666666666667,55,2pt,J. Morant driving finger roll Layup (6 PTS) (J. Valanciunas 1 AST),['pointsinthepaint'],Morant,17,9,Made,True,True,1629630,202685.0,2pt made,3pt missed,,,,1626153|1628960|1629630|1629634|1630180|1630217|201961|202685|203486|203924,1610612763.0,22000452
1,PT06M03.00S,06:03,Q1 06:03,41.95,56,3pt,MISS J. Grant 26' 3PT,[],Grant,17,9,Missed,True,False,203924,,2pt made,rebound,,,,1626153|1628960|1629630|1629634|1630180|1630217|201961|202685|203486|203924,1610612765.0,22000452
1,PT06M02.00S,06:02,Q1 06:02,41.96666666666667,57,rebound,G. Allen REBOUND (Off:0 Def:1),[],Allen,17,9,,False,False,1628960,,3pt missed,2pt made,,,,1626153|1628960|1629630|1629634|1630180|1630217|201961|202685|203486|203924,1610612763.0,22000452
1,PT05M53.00S,05:53,Q1 05:53,40.11666666666667,58,2pt,G. Allen 8' driving floating Jump Shot (4 PTS),['pointsinthepaint'],Allen,19,9,Made,True,False,1628960,,rebound,3pt missed,,,,1626153|1628960|1629630|1629634|1630180|1630217|201961|202685|203486|203924,1610612763.0,22000452
1,PT05M39.00S,05:39,Q1 05:39,40.35,59,3pt,MISS W. Ellington 24' pullup 3PT,[],Ellington,19,9,Missed,True,False,201961,,2pt made,rebound,,,,1626153|1628960|1629630|1629634|1630180|1630217|201961|202685|203486|203924,1610612765.0,22000452
1,PT05M37.00S,05:37,Q1 05:37,40.38333333333333,60,rebound,J. Valanciunas REBOUND (Off:2 Def:3),[],Valanciunas,19,9,,False,False,202685,,3pt missed,turnover,,,,1626153|1628960|1629630|1629634|1630180|1630217|201961|202685|203486|203924,1610612763.0,22000452
1,PT05M30.00S,05:30,Q1 05:30,40.5,61,turnover,J. Valanciunas bad pass TURNOVER (1 TO),[],Valanciunas,19,9,,False,False,202685,,rebound,steal,,1626153.0,,1626153|1628960|1629630|1629634|1630180|1630217|201961|202685|203486|203924,1610612763.0,22000452
1,PT05M30.00S,05:30,Q1 05:30,40.5,62,steal,D. Wright STEAL (1 STL),[],Wright,19,9,,False,False,1626153,,turnover,foul,,,,1626153|1628960|1629630|1629634|1630180|1630217|201961|202685|203486|203924,1610612765.0,22000452
1,PT05M30.00S,05:30,Q1 05:30,40.5,63,foul,J. Morant take personal FOUL (2 PF),[],Morant,19,9,,False,False,1629630,,steal,substitution,1626153.0,,,1626153|1628960|1629630|1629634|1630180|1630217|201961|202685|203486|203924,1610612763.0,22000452
1,PT05M30.00S,05:30,Q1 05:30,40.5,67,substitution,SUB out: J. Morant,[],Morant,19,9,,False,False,1629630,,foul,substitution,,,,1626153|1628960|1629634|1630180|1630217|201961|202685|203486|203924,1610612763.0,22000452
1,PT05M30.00S,05:30,Q1 05:30,40.5,68,substitution,SUB out: J. Valanciunas,[],Valanciunas,19,9,,False,False,202685,,substitution,substitution,,,,1626153|1628960|1629634|1630180|1630217|201961|203486|203924,1610612763.0,22000452
1,PT05M30.00S,05:30,Q1 05:30,40.5,69,substitution,SUB out: J. Grant,[],Grant,19,9,,False,False,203924,,substitution,substitution,,,,1626153|1628960|1629634|1630180|1630217|201961|203486,1610612765.0,22000452
1,PT05M30.00S,05:30,Q1 05:30,40.5,70,substitution,SUB out: M. Plumlee,[],Plumlee,19,9,,False,False,203486,,substitution,substitution,,,,1626153|1628960|1629634|1630180|1630217|201961,1610612765.0,22000452
1,PT05M30.00S,05:30,Q1 05:30,40.5,71,substitution,SUB out: D. Wright,[],Wright,19,9,,False,False,1626153,,substitution,substitution,,,,1628960|1629634|1630180|1630217|201961,1610612765.0,22000452
1,PT05M30.00S,05:30,Q1 05:30,40.5,72,substitution,SUB in: X. Tillman,[],Tillman,19,9,,False,False,1630214,,substitution,substitution,,,,1628960|1629634|1630180|1630214|1630217|201961,1610612763.0,22000452
1,PT05M30.00S,05:30,Q1 05:30,40.5,73,substitution,SUB in: T. Jones,[],Jones,19,9,,False,False,1626145,,substitution,substitution,,,,1626145|1628960|1629634|1630180|1630214|1630217|201961,1610612763.0,22000452
1,PT05M30.00S,05:30,Q1 05:30,40.5,74,substitution,SUB in: D. Smith Jr.,[],Smith Jr.,19,9,,False,False,1628372,,substitution,substitution,,,,1626145|1628372|1628960|1629634|1630180|1630214|1630217|201961,1610612765.0,22000452
1,PT05M30.00S,05:30,Q1 05:30,40.5,75,substitution,SUB in: I. Stewart,[],Stewart,19,9,,False,False,1630191,,substitution,substitution,,,,1626145|1628372|1628960|1629634|1630180|1630191|1630214|1630217|201961,1610612765.0,22000452
1,PT05M30.00S,05:30,Q1 05:30,40.5,76,substitution,SUB in: J. Jackson,[],Jackson,19,9,,False,False,1628367,,substitution,3pt missed,,,,1626145|1628367|1628372|1628960|1629634|1630180|1630191|1630214|1630217|201961,1610612765.0,22000452
1,PT05M09.00S,05:09,Q1 05:09,40.85,77,3pt,MISS J. Jackson 3PT,['fromturnover'],Jackson,19,9,Missed,True,False,1628367,,substitution,rebound,,,,1626145|1628367|1628372|1628960|1629634|1630180|1630191|1630214|1630217|201961,1610612765.0,22000452
1,PT05M06.00S,05:06,Q1 05:06,40.9,78,rebound,D. Bane REBOUND (Off:0 Def:1),[],Bane,19,9,,False,False,1630217,,3pt missed,2pt missed,,,,1626145|1628367|1628372|1628960|1629634|1630180|1630191|1630214|1630217|201961,1610612763.0,22000452
1,PT04M50.00S,04:50,Q1 04:50,39.166666666666664,79,2pt,MISS B. Clarke 11' pullup Shot,[],Clarke,19,9,Missed,True,False,1629634,,rebound,rebound,,,,1626145|1628367|1628372|1628960|1629634|1630180|1630191|1630214|1630217|201961,1610612763.0,22000452
1,PT04M48.00S,04:48,Q1 04:48,39.2,80,rebound,S. Bey REBOUND (Off:0 Def:1),[],Bey,19,9,,False,False,1630180,,2pt missed,3pt missed,,,,1626145|1628367|1628372|1628960|1629634|1630180|1630191|1630214|1630217|201961,1610612765.0,22000452
1,PT04M42.00S,04:42,Q1 04:42,39.3,81,3pt,MISS S. Bey 25' 3PT,['fastbreak'],Bey,19,9,Missed,True,False,1630180,,rebound,rebound,,,,1626145|1628367|1628372|1628960|1629634|1630180|1630191|1630214|1630217|201961,1610612765.0,22000452
1,PT04M39.00S,04:39,Q1 04:39,39.35,82,rebound,D. Bane REBOUND (Off:0 Def:2),[],Bane,19,9,,False,False,1630217,,3pt missed,2pt made,,,,1626145|1628367|1628372|1628960|1629634|1630180|1630191|1630214|1630217|201961,1610612763.0,22000452
1,PT04M29.00S,04:29,Q1 04:29,39.516666666666666,83,2pt,X. Tillman cutting finger roll Layup (2 PTS) (T. Jones 1 AST),['pointsinthepaint'],Tillman,21,9,Made,True,True,1630214,1626145.0,rebound,3pt missed,,,,1626145|1628367|1628372|1628960|1629634|1630180|1630191|1630214|1630217|201961,1610612763.0,22000452
1,PT04M16.00S,04:16,Q1 04:16,39.733333333333334,85,3pt,MISS J. Jackson 25' 3PT,[],Jackson,21,9,Missed,True,False,1628367,,2pt made,rebound,,,,1626145|1628367|1628372|1628960|1629634|1630180|1630191|1630214|1630217|201961,1610612765.0,22000452
1,PT04M14.00S,04:14,Q1 04:14,39.766666666666666,86,rebound,D. Bane REBOUND (Off:0 Def:3),[],Bane,21,9,,False,False,1630217,,3pt missed,3pt missed,,,,1626145|1628367|1628372|1628960|1629634|1630180|1630191|1630214|1630217|201961,1610612763.0,22000452
1,PT04M07.00S,04:07,Q1 04:07,39.88333333333333,87,3pt,MISS G. Allen 24' 3PT,[],Allen,21,9,Missed,True,False,1628960,,rebound,rebound,,,,1626145|1628367|1628372|1628960|1629634|1630180|1630191|1630214|1630217|201961,1610612763.0,22000452
1,PT04M04.00S,04:04,Q1 04:04,39.93333333333333,88,rebound,S. Bey REBOUND (Off:0 Def:2),[],Bey,21,9,,False,False,1630180,,3pt missed,3pt missed,,,,1626145|1628367|1628372|1628960|1629634|1630180|1630191|1630214|1630217|201961,1610612765.0,22000452
1,PT03M55.00S,03:55,Q1 03:55,38.083333333333336,89,3pt,MISS D. Smith Jr. 26' 3PT,[],Smith Jr.,21,9,Missed,True,False,1628372,,rebound,rebound,,,,1626145|1628367|1628372|1628960|1629634|1630180|1630191|1630214|1630217|201961,1610612765.0,22000452
1,PT03M52.00S,03:52,Q1 03:52,38.13333333333333,90,rebound,D. Bane REBOUND (Off:0 Def:4),[],Bane,21,9,,False,False,1630217,,3pt missed,2pt made,,,,1626145|1628367|1628372|1628960|1629634|1630180|1630191|1630214|1630217|201961,1610612763.0,22000452
1,PT03M45.00S,03:45,Q1 03:45,38.25,91,2pt,D. Bane driving Layup (2 PTS),['pointsinthepaint'],Bane,23,9,Made,True,False,1630217,,rebound,3pt made,,,,1626145|1628367|1628372|1628960|1629634|1630180|1630191|1630214|1630217|201961,1610612763.0,22000452
1,PT03M23.00S,03:23,Q1 03:23,38.61666666666667,92,3pt,W. Ellington 28' 3PT  (5 PTS) (D. Smith Jr. 1 AST),[],Ellington,23,12,Made,True,True,201961,1628372.0,2pt made,2pt made,,,,1626145|1628367|1628372|1628960|1629634|1630180|1630191|1630214|1630217|201961,1610612765.0,22000452
1,PT03M07.00S,03:07,Q1 03:07,38.88333333333333,94,2pt,B. Clarke 9' pullup Jump Shot (2 PTS) (G. Allen 2 AST),['pointsinthepaint'],Clarke,25,12,Made,True,True,1629634,1628960.0,3pt made,foul,,,,1626145|1628367|1628372|1628960|1629634|1630180|1630191|1630214|1630217|201961,1610612763.0,22000452
1,PT03M07.00S,03:07,Q1 03:07,38.88333333333333,96,foul,S. Bey shooting personal FOUL (1 PF) (Clarke 1 FT),['1freethrow'],Bey,25,12,,False,False,1630180,,2pt made,substitution,1629634.0,,,1626145|1628367|1628372|1628960|1629634|1630180|1630191|1630214|1630217|201961,1610612765.0,22000452
1,PT03M07.00S,03:07,Q1 03:07,38.88333333333333,98,substitution,SUB out: G. Allen,[],Allen,25,12,,False,False,1628960,,foul,substitution,,,,1626145|1628367|1628372|1629634|1630180|1630191|1630214|1630217|201961,1610612763.0,22000452
1,PT03M07.00S,03:07,Q1 03:07,38.88333333333333,99,substitution,SUB out: W. Ellington,[],Ellington,25,12,,False,False,201961,,substitution,substitution,,,,1626145|1628367|1628372|1629634|1630180|1630191|1630214|1630217,1610612765.0,22000452
1,PT03M07.00S,03:07,Q1 03:07,38.88333333333333,100,substitution,SUB out: S. Bey,[],Bey,25,12,,False,False,1630180,,substitution,substitution,,,,1626145|1628367|1628372|1629634|1630191|1630214|1630217,1610612765.0,22000452
1,PT03M07.00S,03:07,Q1 03:07,38.88333333333333,101,substitution,SUB in: D. Melton,[],Melton,25,12,,False,False,1629001,,substitution,substitution,,,,1626145|1628367|1628372|1629001|1629634|1630191|1630214|1630217,1610612763.0,22000452
1,PT03M07.00S,03:07,Q1 03:07,38.88333333333333,102,substitution,SUB in: J. Grant,[],Grant,25,12,,False,False,203924,,substitution,substitution,,,,1626145|1628367|1628372|1629001|1629634|1630191|1630214|1630217|203924,1610612765.0,22000452
1,PT03M07.00S,03:07,Q1 03:07,38.88333333333333,103,substitution,SUB in: S. Mykhailiuk,[],Mykhailiuk,25,12,,False,False,1629004,,substitution,freethrow,,,,1626145|1628367|1628372|1629001|1629004|1629634|1630191|1630214|1630217|203924,1610612765.0,22000452
1,PT03M07.00S,03:07,Q1 03:07,38.88333333333333,104,freethrow,B. Clarke Free Throw 1 of 1 (3 PTS),[],Clarke,26,12,Made,False,False,1629634,,substitution,turnover,,,,1626145|1628367|1628372|1629001|1629004|1629634|1630191|1630214|1630217|203924,1610612763.0,22000452
1,PT02M53.00S,02:53,Q1 02:53,37.11666666666667,105,turnover,I. Stewart lost ball TURNOVER (1 TO),[],Stewart,26,12,,False,False,1630191,,freethrow,steal,,1629001.0,,1626145|1628367|1628372|1629001|1629004|1629634|1630191|1630214|1630217|203924,1610612765.0,22000452
1,PT02M53.00S,02:53,Q1 02:53,37.11666666666667,106,steal,D. Melton STEAL (1 STL),[],Melton,26,12,,False,False,1629001,,turnover,3pt made,,,,1626145|1628367|1628372|1629001|1629004|1629634|1630191|1630214|1630217|203924,1610612763.0,22000452
1,PT02M44.00S,02:44,Q1 02:44,37.266666666666666,107,3pt,D. Melton 24' 3PT  (3 PTS) (D. Bane 1 AST),['fromturnover'],Melton,29,12,Made,True,True,1629001,1630217.0,steal,3pt missed,,,,1626145|1628367|1628372|1629001|1629004|1629634|1630191|1630214|1630217|203924,1610612763.0,22000452
1,PT02M25.00S,02:25,Q1 02:25,37.583333333333336,109,3pt,MISS D. Smith Jr. 25' 3PT,[],Smith Jr.,29,12,Missed,True,False,1628372,,3pt made,rebound,,,,1626145|1628367|1628372|1629001|1629004|1629634|1630191|1630214|1630217|203924,1610612765.0,22000452
1,PT02M22.00S,02:22,Q1 02:22,37.63333333333333,110,rebound,D. Melton REBOUND (Off:0 Def:1),[],Melton,29,12,,False,False,1629001,,3pt missed,foul,,,,1626145|1628367|1628372|1629001|1629004|1629634|1630191|1630214|1630217|203924,1610612763.0,22000452
1,PT02M19.00S,02:19,Q1 02:19,37.68333333333333,111,foul,S. Mykhailiuk shooting personal FOUL (1 PF) (Jones 2 FT),['2freethrow'],Mykhailiuk,29,12,,False,False,1629004,,rebound,timeout,1626145.0,,,1626145|1628367|1628372|1629001|1629004|1629634|1630191|1630214|1630217|203924,1610612765.0,22000452
1,PT02M19.00S,02:19,Q1 02:19,37.68333333333333,113,timeout,MEM Timeout,"['team', 'mandatory']",,29,12,,False,False,0,,foul,substitution,,,,1626145|1628367|1628372|1629001|1629004|1629634|1630191|1630214|1630217|203924,1610612763.0,22000452
1,PT02M19.00S,02:19,Q1 02:19,37.68333333333333,114,substitution,SUB out: B. Clarke,[],Clarke,29,12,,False,False,1629634,,timeout,substitution,,,,1626145|1628367|1628372|1629001|1629004|1630191|1630214|1630217|203924,1610612763.0,22000452
1,PT02M19.00S,02:19,Q1 02:19,37.68333333333333,115,substitution,SUB in: S. McDermott,[],McDermott,29,12,,False,False,1630253,,substitution,freethrow,,,,1626145|1628367|1628372|1629001|1629004|1630191|1630214|1630217|1630253|203924,1610612763.0,22000452
1,PT02M19.00S,02:19,Q1 02:19,37.68333333333333,116,freethrow,T. Jones Free Throw 1 of 2 (1 PTS),['fastbreak'],Jones,30,12,Made,False,False,1626145,,substitution,freethrow,,,,1626145|1628367|1628372|1629001|1629004|1630191|1630214|1630217|1630253|203924,1610612763.0,22000452
1,PT02M19.00S,02:19,Q1 02:19,37.68333333333333,117,freethrow,T. Jones Free Throw 2 of 2 (2 PTS),['fastbreak'],Jones,31,12,Made,False,False,1626145,,freethrow,turnover,,,,1626145|1628367|1628372|1629001|1629004|1630191|1630214|1630217|1630253|203924,1610612763.0,22000452
1,PT01M56.00S,01:56,Q1 01:56,36.06666666666667,119,turnover,J. Grant bad pass TURNOVER (1 TO),[],Grant,31,12,,False,False,203924,,freethrow,steal,,1629001.0,,1626145|1628367|1628372|1629001|1629004|1630191|1630214|1630217|1630253|203924,1610612765.0,22000452
1,PT01M56.00S,01:56,Q1 01:56,36.06666666666667,120,steal,D. Melton STEAL (2 STL),[],Melton,31,12,,False,False,1629001,,turnover,foul,,,,1626145|1628367|1628372|1629001|1629004|1630191|1630214|1630217|1630253|203924,1610612763.0,22000452
1,PT01M53.00S,01:53,Q1 01:53,36.11666666666667,121,foul,J. Jackson shooting personal FOUL (1 PF) (Melton 2 FT),['2freethrow'],Jackson,31,12,,False,False,1628367,,steal,freethrow,1629001.0,,,1626145|1628367|1628372|1629001|1629004|1630191|1630214|1630217|1630253|203924,1610612765.0,22000452
1,PT01M53.00S,01:53,Q1 01:53,36.11666666666667,123,freethrow,MISS D. Melton Free Throw 1 of 2,"['fromturnover', 'fastbreak']",Melton,31,12,Missed,False,False,1629001,,foul,rebound,,,,1626145|1628367|1628372|1629001|1629004|1630191|1630214|1630217|1630253|203924,1610612763.0,22000452
1,PT01M53.00S,01:53,Q1 01:53,36.11666666666667,124,rebound,TEAM offensive REBOUND,"['team', 'deadball']",,31,12,,False,False,0,,freethrow,freethrow,,,,1626145|1628367|1628372|1629001|1629004|1630191|1630214|1630217|1630253|203924,1610612763.0,22000452
1,PT01M53.00S,01:53,Q1 01:53,36.11666666666667,125,freethrow,MISS D. Melton Free Throw 2 of 2,"['fastbreak', 'fromturnover']",Melton,31,12,Missed,False,False,1629001,,rebound,rebound,,,,1626145|1628367|1628372|1629001|1629004|1630191|1630214|1630217|1630253|203924,1610612763.0,22000452
1,PT01M50.00S,01:50,Q1 01:50,36.166666666666664,126,rebound,J. Jackson REBOUND (Off:0 Def:1),[],Jackson,31,12,,False,False,1628367,,freethrow,3pt missed,,,,1626145|1628367|1628372|1629001|1629004|1630191|1630214|1630217|1630253|203924,1610612765.0,22000452
1,PT01M43.00S,01:43,Q1 01:43,36.28333333333333,127,3pt,MISS S. Mykhailiuk 25' 3PT,[],Mykhailiuk,31,12,Missed,True,False,1629004,,rebound,rebound,,,,1626145|1628367|1628372|1629001|1629004|1630191|1630214|1630217|1630253|203924,1610612765.0,22000452
1,PT01M39.00S,01:39,Q1 01:39,36.35,128,rebound,I. Stewart REBOUND (Off:1 Def:0),[],Stewart,31,12,,False,False,1630191,,3pt missed,2pt missed,,,,1626145|1628367|1628372|1629001|1629004|1630191|1630214|1630217|1630253|203924,1610612765.0,22000452
1,PT01M39.00S,01:39,Q1 01:39,36.35,129,2pt,MISS I. Stewart tip Layup,"['pointsinthepaint', '2ndchance']",Stewart,31,12,Missed,True,False,1630191,,rebound,rebound,,,,1626145|1628367|1628372|1629001|1629004|1630191|1630214|1630217|1630253|203924,1610612765.0,22000452
1,PT01M37.00S,01:37,Q1 01:37,36.38333333333333,130,rebound,J. Jackson REBOUND (Off:1 Def:1),[],Jackson,31,12,,False,False,1628367,,2pt missed,2pt made,,,,1626145|1628367|1628372|1629001|1629004|1630191|1630214|1630217|1630253|203924,1610612765.0,22000452
1,PT01M37.00S,01:37,Q1 01:37,36.38333333333333,131,2pt,J. Jackson tip Layup (2 PTS),"['pointsinthepaint', '2ndchance']",Jackson,31,14,Made,True,False,1628367,,rebound,2pt made,,,,1626145|1628367|1628372|1629001|1629004|1630191|1630214|1630217|1630253|203924,1610612765.0,22000452
1,PT01M28.00S,01:28,Q1 01:28,36.53333333333333,132,2pt,X. Tillman 10' floating Jump Shot (4 PTS) (D. Melton 1 AST),['pointsinthepaint'],Tillman,33,14,Made,True,True,1630214,1629001.0,2pt made,2pt missed,,,,1626145|1628367|1628372|1629001|1629004|1630191|1630214|1630217|1630253|203924,1610612763.0,22000452
1,PT01M03.00S,01:03,Q1 01:03,36.95,134,2pt,MISS I. Stewart 18' Jump Shot,[],Stewart,33,14,Missed,True,False,1630191,,2pt made,rebound,,,,1626145|1628367|1628372|1629001|1629004|1630191|1630214|1630217|1630253|203924,1610612765.0,22000452
1,PT01M02.00S,01:02,Q1 01:02,36.96666666666667,135,rebound,D. Melton REBOUND (Off:0 Def:2),[],Melton,33,14,,False,False,1629001,,2pt missed,3pt missed,,,,1626145|1628367|1628372|1629001|1629004|1630191|1630214|1630217|1630253|203924,1610612763.0,22000452
1,PT00M53.70S,00:53,Q1 00:53,35.11666666666667,136,3pt,MISS X. Tillman 25' 3PT,[],Tillman,33,14,Missed,True,False,1630214,,rebound,rebound,,,,1626145|1628367|1628372|1629001|1629004|1630191|1630214|1630217|1630253|203924,1610612763.0,22000452
1,PT00M51.40S,00:51,Q1 00:51,35.15,137,rebound,J. Jackson REBOUND (Off:1 Def:2),[],Jackson,33,14,,False,False,1628367,,3pt missed,3pt missed,,,,1626145|1628367|1628372|1629001|1629004|1630191|1630214|1630217|1630253|203924,1610612765.0,22000452
1,PT00M45.80S,00:45,Q1 00:45,35.25,138,3pt,MISS J. Grant 27' 3PT,[],Grant,33,14,Missed,True,False,203924,,rebound,rebound,,,,1626145|1628367|1628372|1629001|1629004|1630191|1630214|1630217|1630253|203924,1610612765.0,22000452
1,PT00M41.80S,00:41,Q1 00:41,35.31666666666667,139,rebound,J. Jackson REBOUND (Off:2 Def:2),[],Jackson,33,14,,False,False,1628367,,3pt missed,3pt made,,,,1626145|1628367|1628372|1629001|1629004|1630191|1630214|1630217|1630253|203924,1610612765.0,22000452
1,PT00M40.60S,00:40,Q1 00:40,35.333333333333336,140,3pt,S. Mykhailiuk 25' 3PT  (3 PTS) (D. Smith Jr. 2 AST),['2ndchance'],Mykhailiuk,33,17,Made,True,True,1629004,1628372.0,rebound,3pt missed,,,,1626145|1628367|1628372|1629001|1629004|1630191|1630214|1630217|1630253|203924,1610612765.0,22000452
1,PT00M31.90S,00:31,Q1 00:31,35.483333333333334,142,3pt,MISS D. Melton 24' pullup 3PT,[],Melton,33,17,Missed,True,False,1629001,,3pt made,rebound,,,,1626145|1628367|1628372|1629001|1629004|1630191|1630214|1630217|1630253|203924,1610612763.0,22000452
1,PT00M29.70S,00:29,Q1 00:29,35.516666666666666,143,rebound,X. Tillman REBOUND (Off:1 Def:0),[],Tillman,33,17,,False,False,1630214,,3pt missed,2pt made,,,,1626145|1628367|1628372|1629001|1629004|1630191|1630214|1630217|1630253|203924,1610612763.0,22000452
1,PT00M28.20S,00:28,Q1 00:28,35.53333333333333,144,2pt,T. Jones 8' driving floating Jump Shot (4 PTS) (X. Tillman 1 AST),['2ndchance'],Jones,35,17,Made,True,True,1626145,1630214.0,rebound,turnover,,,,1626145|1628367|1628372|1629001|1629004|1630191|1630214|1630217|1630253|203924,1610612763.0,22000452
1,PT00M06.60S,00:06,Q1 00:06,35.9,146,turnover,J. Grant lost ball TURNOVER (2 TO),[],Grant,35,17,,False,False,203924,,2pt made,steal,,1626145.0,,1626145|1628367|1628372|1629001|1629004|1630191|1630214|1630217|1630253|203924,1610612765.0,22000452
1,PT00M06.60S,00:06,Q1 00:06,35.9,147,steal,T. Jones STEAL (1 STL),[],Jones,35,17,,False,False,1626145,,turnover,2pt missed,,,,1626145|1628367|1628372|1629001|1629004|1630191|1630214|1630217|1630253|203924,1610612763.0,22000452
1,PT00M01.80S,00:01,Q1 00:01,35.983333333333334,148,2pt,MISS S. McDermott running finger roll Layup - blocked,"['pointsinthepaint', 'fromturnover', 'fastbreak']",McDermott,35,17,Missed,True,False,1630253,,steal,block,,,203924.0,1626145|1628367|1628372|1629001|1629004|1630191|1630214|1630217|1630253|203924,1610612763.0,22000452
1,PT00M01.80S,00:01,Q1 00:01,35.983333333333334,149,block,J. Grant BLOCK (1 BLK),[],Grant,35,17,,False,False,203924,,2pt missed,rebound,,,,1626145|1628367|1628372|1629001|1629004|1630191|1630214|1630217|1630253|203924,1610612765.0,22000452
1,PT00M01.80S,00:01,Q1 00:01,35.983333333333334,150,rebound,S. Mykhailiuk REBOUND (Off:0 Def:1),[],Mykhailiuk,35,17,,False,False,1629004,,block,substitution,,,,1626145|1628367|1628372|1629001|1629004|1630191|1630214|1630217|1630253|203924,1610612765.0,22000452
2,PT12M00.00S,12:00,Q2 12:00,36.0,153,substitution,SUB out: X. Tillman,['startperiod'],Tillman,35,17,,False,False,1630214,,rebound,substitution,,,,1626145|1628367|1628372|1629001|1629004|1630191|1630217|1630253|203924,1610612763.0,22000452
2,PT12M00.00S,12:00,Q2 12:00,36.0,154,substitution,SUB out: D. Bane,['startperiod'],Bane,35,17,,False,False,1630217,,substitution,substitution,,,,1626145|1628367|1628372|1629001|1629004|1630191|1630253|203924,1610612763.0,22000452
2,PT12M00.00S,12:00,Q2 12:00,36.0,155,substitution,SUB out: D. Smith Jr.,['startperiod'],Smith Jr.,35,17,,False,False,1628372,,substitution,substitution,,,,1626145|1628367|1629001|1629004|1630191|1630253|203924,1610612765.0,22000452
2,PT12M00.00S,12:00,Q2 12:00,36.0,156,substitution,SUB out: I. Stewart,['startperiod'],Stewart,35,17,,False,False,1630191,,substitution,substitution,,,,1626145|1628367|1629001|1629004|1630253|203924,1610612765.0,22000452
2,PT12M00.00S,12:00,Q2 12:00,36.0,157,substitution,SUB in: K. Anderson,['startperiod'],Anderson,35,17,,False,False,203937,,substitution,substitution,,,,1626145|1628367|1629001|1629004|1630253|203924|203937,1610612763.0,22000452
2,PT12M00.00S,12:00,Q2 12:00,36.0,158,substitution,SUB in: J. Valanciunas,['startperiod'],Valanciunas,35,17,,False,False,202685,,substitution,substitution,,,,1626145|1628367|1629001|1629004|1630253|202685|203924|203937,1610612763.0,22000452
2,PT12M00.00S,12:00,Q2 12:00,36.0,159,substitution,SUB in: M. Plumlee,['startperiod'],Plumlee,35,17,,False,False,203486,,substitution,substitution,,,,1626145|1628367|1629001|1629004|1630253|202685|203486|203924|203937,1610612765.0,22000452
2,PT12M00.00S,12:00,Q2 12:00,36.0,160,substitution,SUB in: D. Wright,['startperiod'],Wright,35,17,,False,False,1626153,,substitution,2pt missed,,,,1626145|1626153|1628367|1629001|1629004|1630253|202685|203486|203924|203937,1610612765.0,22000452
2,PT11M43.00S,11:43,Q2 11:43,34.28333333333333,162,2pt,MISS K. Anderson 7' driving floating Shot,['pointsinthepaint'],Anderson,35,17,Missed,True,False,203937,,substitution,rebound,,,,1626145|1626153|1628367|1629001|1629004|1630253|202685|203486|203924|203937,1610612763.0,22000452
2,PT11M41.00S,11:41,Q2 11:41,34.31666666666667,163,rebound,J. Valanciunas REBOUND (Off:3 Def:3),[],Valanciunas,35,17,,False,False,202685,,2pt missed,2pt missed,,,,1626145|1626153|1628367|1629001|1629004|1630253|202685|203486|203924|203937,1610612763.0,22000452
2,PT11M41.00S,11:41,Q2 11:41,34.31666666666667,164,2pt,MISS J. Valanciunas tip Layup,"['2ndchance', 'pointsinthepaint']",Valanciunas,35,17,Missed,True,False,202685,,rebound,rebound,,,,1626145|1626153|1628367|1629001|1629004|1630253|202685|203486|203924|203937,1610612763.0,22000452
2,PT11M41.00S,11:41,Q2 11:41,34.31666666666667,165,rebound,D. Wright REBOUND (Off:0 Def:2),[],Wright,35,17,,False,False,1626153,,2pt missed,turnover,,,,1626145|1626153|1628367|1629001|1629004|1630253|202685|203486|203924|203937,1610612765.0,22000452
2,PT11M34.00S,11:34,Q2 11:34,34.43333333333333,166,turnover,S. Mykhailiuk palming TURNOVER (1 TO),[],Mykhailiuk,35,17,,False,False,1629004,,rebound,2pt made,,,,1626145|1626153|1628367|1629001|1629004|1630253|202685|203486|203924|203937,1610612765.0,22000452
2,PT11M12.00S,11:12,Q2 11:12,34.8,167,2pt,J. Valanciunas 7' Layup (8 PTS),"['pointsinthepaint', 'fromturnover']",Valanciunas,37,17,Made,True,False,202685,,turnover,foul,,,,1626145|1626153|1628367|1629001|1629004|1630253|202685|203486|203924|203937,1610612763.0,22000452
2,PT11M12.00S,11:12,Q2 11:12,34.8,168,foul,J. Grant shooting personal FOUL (1 PF) (Valanciunas 1 FT),['1freethrow'],Grant,37,17,,False,False,203924,,2pt made,freethrow,202685.0,,,1626145|1626153|1628367|1629001|1629004|1630253|202685|203486|203924|203937,1610612765.0,22000452
2,PT11M12.00S,11:12,Q2 11:12,34.8,170,freethrow,J. Valanciunas Free Throw 1 of 1 (9 PTS),['fromturnover'],Valanciunas,38,17,Made,False,False,202685,,foul,2pt made,,,,1626145|1626153|1628367|1629001|1629004|1630253|202685|203486|203924|203937,1610612763.0,22000452
2,PT10M59.00S,10:59,Q2 10:59,33.016666666666666,171,2pt,M. Plumlee DUNK (4 PTS) (J. Grant 1 AST),['pointsinthepaint'],Plumlee,38,19,Made,True,True,203486,203924.0,freethrow,2pt missed,,,,1626145|1626153|1628367|1629001|1629004|1630253|202685|203486|203924|203937,1610612765.0,22000452
2,PT10M39.00S,10:39,Q2 10:39,33.35,174,2pt,MISS D. Melton reverse Layup,['pointsinthepaint'],Melton,38,19,Missed,True,False,1629001,,2pt made,rebound,,,,1626145|1626153|1628367|1629001|1629004|1630253|202685|203486|203924|203937,1610612763.0,22000452
2,PT10M36.00S,10:36,Q2 10:36,33.4,175,rebound,D. Wright REBOUND (Off:0 Def:3),[],Wright,38,19,,False,False,1626153,,2pt missed,turnover,,,,1626145|1626153|1628367|1629001|1629004|1630253|202685|203486|203924|203937,1610612765.0,22000452
2,PT10M29.00S,10:29,Q2 10:29,33.516666666666666,176,turnover,M. Plumlee bad pass out-of-bounds TURNOVER (2 TO),[],Plumlee,38,19,,False,False,203486,,rebound,turnover,,,,1626145|1626153|1628367|1629001|1629004|1630253|202685|203486|203924|203937,1610612765.0,22000452
2,PT10M09.00S,10:09,Q2 10:09,33.85,177,turnover,J. Valanciunas 3-second-violation TURNOVER (2 TO),[],Valanciunas,38,19,,False,False,202685,,turnover,2pt missed,,,,1626145|1626153|1628367|1629001|1629004|1630253|202685|203486|203924|203937,1610612763.0,22000452
2,PT09M59.00S,09:59,Q2 09:59,32.016666666666666,178,2pt,MISS J. Grant driving finger roll Layup,"['pointsinthepaint', 'fromturnover']",Grant,38,19,Missed,True,False,203924,,turnover,rebound,,,,1626145|1626153|1628367|1629001|1629004|1630253|202685|203486|203924|203937,1610612765.0,22000452
2,PT09M53.00S,09:53,Q2 09:53,32.11666666666667,179,rebound,S. Mykhailiuk REBOUND (Off:1 Def:1),[],Mykhailiuk,38,19,,False,False,1629004,,2pt missed,3pt missed,,,,1626145|1626153|1628367|1629001|1629004|1630253|202685|203486|203924|203937,1610612765.0,22000452
2,PT09M53.00S,09:53,Q2 09:53,32.11666666666667,180,3pt,MISS S. Mykhailiuk 26' step back 3PT,"['fromturnover', '2ndchance']",Mykhailiuk,38,19,Missed,True,False,1629004,,rebound,rebound,,,,1626145|1626153|1628367|1629001|1629004|1630253|202685|203486|203924|203937,1610612765.0,22000452
2,PT09M50.00S,09:50,Q2 09:50,32.166666666666664,181,rebound,K. Anderson REBOUND (Off:0 Def:1),[],Anderson,38,19,,False,False,203937,,3pt missed,2pt made,,,,1626145|1626153|1628367|1629001|1629004|1630253|202685|203486|203924|203937,1610612763.0,22000452
2,PT09M43.00S,09:43,Q2 09:43,32.28333333333333,182,2pt,K. Anderson 6' driving Layup (5 PTS),"['pointsinthepaint', 'fastbreak']",Anderson,40,19,Made,True,False,203937,,rebound,3pt made,,,,1626145|1626153|1628367|1629001|1629004|1630253|202685|203486|203924|203937,1610612763.0,22000452
2,PT09M31.00S,09:31,Q2 09:31,32.483333333333334,183,3pt,D. Wright 3PT  (6 PTS) (J. Jackson 1 AST),[],Wright,40,22,Made,True,True,1626153,1628367.0,2pt made,2pt missed,,,,1626145|1626153|1628367|1629001|1629004|1630253|202685|203486|203924|203937,1610612765.0,22000452
2,PT09M16.00S,09:16,Q2 09:16,32.733333333333334,185,2pt,MISS T. Jones 8' driving floating bank Shot,['pointsinthepaint'],Jones,40,22,Missed,True,False,1626145,,3pt made,rebound,,,,1626145|1626153|1628367|1629001|1629004|1630253|202685|203486|203924|203937,1610612763.0,22000452
2,PT09M12.00S,09:12,Q2 09:12,32.8,186,rebound,J. Jackson REBOUND (Off:2 Def:3),[],Jackson,40,22,,False,False,1628367,,2pt missed,2pt made,,,,1626145|1626153|1628367|1629001|1629004|1630253|202685|203486|203924|203937,1610612765.0,22000452
2,PT09M12.00S,09:12,Q2 09:12,32.8,187,2pt,J. Jackson running finger roll Layup (4 PTS),"['pointsinthepaint', 'fastbreak']",Jackson,40,24,Made,True,False,1628367,,rebound,foul,,,,1626145|1626153|1628367|1629001|1629004|1630253|202685|203486|203924|203937,1610612765.0,22000452
2,PT09M12.00S,09:12,Q2 09:12,32.8,188,foul,K. Anderson shooting personal FOUL (1 PF) (Jackson 1 FT),['1freethrow'],Anderson,40,24,,False,False,203937,,2pt made,substitution,1628367.0,,,1626145|1626153|1628367|1629001|1629004|1630253|202685|203486|203924|203937,1610612763.0,22000452
2,PT09M12.00S,09:12,Q2 09:12,32.8,190,substitution,SUB out: D. Melton,[],Melton,40,24,,False,False,1629001,,foul,substitution,,,,1626145|1626153|1628367|1629004|1630253|202685|203486|203924|203937,1610612763.0,22000452
2,PT09M12.00S,09:12,Q2 09:12,32.8,191,substitution,SUB in: D. Bane,[],Bane,40,24,,False,False,1630217,,substitution,freethrow,,,,1626145|1626153|1628367|1629004|1630217|1630253|202685|203486|203924|203937,1610612763.0,22000452
2,PT09M12.00S,09:12,Q2 09:12,32.8,192,freethrow,MISS J. Jackson Free Throw 1 of 1,['fastbreak'],Jackson,40,24,Missed,False,False,1628367,,substitution,rebound,,,,1626145|1626153|1628367|1629004|1630217|1630253|202685|203486|203924|203937,1610612765.0,22000452
2,PT09M10.00S,09:10,Q2 09:10,32.833333333333336,193,rebound,K. Anderson REBOUND (Off:0 Def:2),[],Anderson,40,24,,False,False,203937,,freethrow,2pt made,,,,1626145|1626153|1628367|1629004|1630217|1630253|202685|203486|203924|203937,1610612763.0,22000452
2,PT08M56.00S,08:56,Q2 08:56,31.066666666666666,194,2pt,T. Jones driving floating Jump Shot (6 PTS),['pointsinthepaint'],Jones,42,24,Made,True,False,1626145,,rebound,2pt made,,,,1626145|1626153|1628367|1629004|1630217|1630253|202685|203486|203924|203937,1610612763.0,22000452
2,PT08M32.00S,08:32,Q2 08:32,31.466666666666665,195,2pt,M. Plumlee cutting finger roll Layup (6 PTS) (D. Wright 1 AST),['pointsinthepaint'],Plumlee,42,26,Made,True,True,203486,1626153.0,2pt made,2pt missed,,,,1626145|1626153|1628367|1629004|1630217|1630253|202685|203486|203924|203937,1610612765.0,22000452
2,PT08M17.00S,08:17,Q2 08:17,31.716666666666665,197,2pt,MISS S. McDermott cutting Layup - blocked,['pointsinthepaint'],McDermott,42,26,Missed,True,False,1630253,,2pt made,block,,,203486.0,1626145|1626153|1628367|1629004|1630217|1630253|202685|203486|203924|203937,1610612763.0,22000452
2,PT08M17.00S,08:17,Q2 08:17,31.716666666666665,253,block,M. Plumlee BLOCK (1 BLK),[],Plumlee,42,26,,False,False,203486,,2pt missed,rebound,,,,1626145|1626153|1628367|1629004|1630217|1630253|202685|203486|203924|203937,1610612765.0,22000452
2,PT08M13.00S,08:13,Q2 08:13,31.783333333333335,198,rebound,J. Valanciunas REBOUND (Off:4 Def:3),[],Valanciunas,42,26,,False,False,202685,,block,2pt made,,,,1626145|1626153|1628367|1629004|1630217|1630253|202685|203486|203924|203937,1610612763.0,22000452
2,PT08M13.00S,08:13,Q2 08:13,31.783333333333335,199,2pt,J. Valanciunas tip DUNK (11 PTS),"['pointsinthepaint', '2ndchance']",Valanciunas,44,26,Made,True,False,202685,,rebound,foul,,,,1626145|1626153|1628367|1629004|1630217|1630253|202685|203486|203924|203937,1610612763.0,22000452
2,PT08M06.00S,08:06,Q2 08:06,31.9,200,foul,S. Mykhailiuk offensive FOUL (2 PF),[],Mykhailiuk,44,26,,False,False,1629004,,2pt made,turnover,1626145.0,,,1626145|1626153|1628367|1629004|1630217|1630253|202685|203486|203924|203937,1610612765.0,22000452
2,PT08M06.00S,08:06,Q2 08:06,31.9,202,turnover,S. Mykhailiuk offensive foul TURNOVER (2 TO),[],Mykhailiuk,44,26,,False,False,1629004,,foul,substitution,,,,1626145|1626153|1628367|1629004|1630217|1630253|202685|203486|203924|203937,1610612765.0,22000452
2,PT08M06.00S,08:06,Q2 08:06,31.9,203,substitution,SUB out: T. Jones,[],Jones,44,26,,False,False,1626145,,turnover,substitution,,,,1626153|1628367|1629004|1630217|1630253|202685|203486|203924|203937,1610612763.0,22000452
2,PT08M06.00S,08:06,Q2 08:06,31.9,204,substitution,SUB in: J. Morant,[],Morant,44,26,,False,False,1629630,,substitution,2pt missed,,,,1626153|1628367|1629004|1629630|1630217|1630253|202685|203486|203924|203937,1610612763.0,22000452
2,PT07M53.00S,07:53,Q2 07:53,30.116666666666667,205,2pt,MISS J. Morant 7' driving floating Shot,"['pointsinthepaint', 'fromturnover']",Morant,44,26,Missed,True,False,1629630,,substitution,rebound,,,,1626153|1628367|1629004|1629630|1630217|1630253|202685|203486|203924|203937,1610612763.0,22000452
2,PT07M50.00S,07:50,Q2 07:50,30.166666666666668,206,rebound,S. Mykhailiuk REBOUND (Off:1 Def:2),[],Mykhailiuk,44,26,,False,False,1629004,,2pt missed,2pt made,,,,1626153|1628367|1629004|1629630|1630217|1630253|202685|203486|203924|203937,1610612765.0,22000452
2,PT07M45.00S,07:45,Q2 07:45,30.25,207,2pt,S. Mykhailiuk running Layup (5 PTS),"['pointsinthepaint', 'fastbreak']",Mykhailiuk,44,28,Made,True,False,1629004,,rebound,turnover,,,,1626153|1628367|1629004|1629630|1630217|1630253|202685|203486|203924|203937,1610612765.0,22000452
2,PT07M31.00S,07:31,Q2 07:31,30.483333333333334,208,turnover,K. Anderson lost ball TURNOVER (1 TO),[],Anderson,44,28,,False,False,203937,,2pt made,steal,,1626153.0,,1626153|1628367|1629004|1629630|1630217|1630253|202685|203486|203924|203937,1610612763.0,22000452
2,PT07M31.00S,07:31,Q2 07:31,30.483333333333334,209,steal,D. Wright STEAL (2 STL),[],Wright,44,28,,False,False,1626153,,turnover,2pt made,,,,1626153|1628367|1629004|1629630|1630217|1630253|202685|203486|203924|203937,1610612765.0,22000452
2,PT07M28.00S,07:28,Q2 07:28,30.533333333333335,210,2pt,D. Wright running DUNK (8 PTS),"['pointsinthepaint', 'fromturnover', 'fastbreak']",Wright,44,30,Made,True,False,1626153,,steal,timeout,,,,1626153|1628367|1629004|1629630|1630217|1630253|202685|203486|203924|203937,1610612765.0,22000452
2,PT07M28.00S,07:28,Q2 07:28,30.533333333333335,211,timeout,MEM Timeout,"['team', 'mandatory']",,44,30,,False,False,0,,2pt made,substitution,,,,1626153|1628367|1629004|1629630|1630217|1630253|202685|203486|203924|203937,1610612763.0,22000452
2,PT07M28.00S,07:28,Q2 07:28,30.533333333333335,212,substitution,SUB out: S. Mykhailiuk,[],Mykhailiuk,44,30,,False,False,1629004,,timeout,substitution,,,,1626153|1628367|1629630|1630217|1630253|202685|203486|203924|203937,1610612765.0,22000452
2,PT07M28.00S,07:28,Q2 07:28,30.533333333333335,213,substitution,SUB out: J. Jackson,[],Jackson,44,30,,False,False,1628367,,substitution,substitution,,,,1626153|1629630|1630217|1630253|202685|203486|203924|203937,1610612765.0,22000452
2,PT07M28.00S,07:28,Q2 07:28,30.533333333333335,214,substitution,SUB in: W. Ellington,[],Ellington,44,30,,False,False,201961,,substitution,substitution,,,,1626153|1629630|1630217|1630253|201961|202685|203486|203924|203937,1610612765.0,22000452
2,PT07M28.00S,07:28,Q2 07:28,30.533333333333335,215,substitution,SUB in: S. Bey,[],Bey,44,30,,False,False,1630180,,substitution,3pt missed,,,,1626153|1629630|1630180|1630217|1630253|201961|202685|203486|203924|203937,1610612765.0,22000452
2,PT07M14.00S,07:14,Q2 07:14,30.766666666666666,216,3pt,MISS D. Bane 24' 3PT,[],Bane,44,30,Missed,True,False,1630217,,substitution,rebound,,,,1626153|1629630|1630180|1630217|1630253|201961|202685|203486|203924|203937,1610612763.0,22000452
2,PT07M11.00S,07:11,Q2 07:11,30.816666666666666,217,rebound,M. Plumlee REBOUND (Off:1 Def:2),[],Plumlee,44,30,,False,False,203486,,3pt missed,3pt missed,,,,1626153|1629630|1630180|1630217|1630253|201961|202685|203486|203924|203937,1610612765.0,22000452
2,PT06M54.00S,06:54,Q2 06:54,29.1,222,3pt,MISS W. Ellington 26' 3PT,[],Ellington,44,30,Missed,True,False,201961,,rebound,rebound,,,,1626153|1629630|1630180|1630217|1630253|201961|202685|203486|203924|203937,1610612765.0,22000452
2,PT06M50.00S,06:50,Q2 06:50,29.166666666666668,223,rebound,J. Valanciunas REBOUND (Off:4 Def:4),[],Valanciunas,44,30,,False,False,202685,,3pt missed,3pt missed,,,,1626153|1629630|1630180|1630217|1630253|201961|202685|203486|203924|203937,1610612763.0,22000452
2,PT06M31.00S,06:31,Q2 06:31,29.483333333333334,224,3pt,MISS J. Morant 26' pullup 3PT,[],Morant,44,30,Missed,True,False,1629630,,rebound,rebound,,,,1626153|1629630|1630180|1630217|1630253|201961|202685|203486|203924|203937,1610612763.0,22000452
2,PT06M27.00S,06:27,Q2 06:27,29.55,225,rebound,J. Valanciunas REBOUND (Off:5 Def:4),[],Valanciunas,44,30,,False,False,202685,,3pt missed,2pt missed,,,,1626153|1629630|1630180|1630217|1630253|201961|202685|203486|203924|203937,1610612763.0,22000452
2,PT06M27.00S,06:27,Q2 06:27,29.55,226,2pt,MISS J. Valanciunas putback Layup - blocked,"['2ndchance', 'pointsinthepaint']",Valanciunas,44,30,Missed,True,False,202685,,rebound,block,,,203924.0,1626153|1629630|1630180|1630217|1630253|201961|202685|203486|203924|203937,1610612763.0,22000452
2,PT06M27.00S,06:27,Q2 06:27,29.55,227,block,J. Grant BLOCK (2 BLK),[],Grant,44,30,,False,False,203924,,2pt missed,rebound,,,,1626153|1629630|1630180|1630217|1630253|201961|202685|203486|203924|203937,1610612765.0,22000452
2,PT06M27.00S,06:27,Q2 06:27,29.55,228,rebound,M. Plumlee REBOUND (Off:1 Def:3),[],Plumlee,44,30,,False,False,203486,,block,substitution,,,,1626153|1629630|1630180|1630217|1630253|201961|202685|203486|203924|203937,1610612765.0,22000452
2,PT06M23.00S,06:23,Q2 06:23,29.616666666666667,230,substitution,SUB out: K. Anderson,[],Anderson,44,30,,False,False,203937,,rebound,substitution,,,,1626153|1629630|1630180|1630217|1630253|201961|202685|203486|203924,1610612763.0,22000452
2,PT06M23.00S,06:23,Q2 06:23,29.616666666666667,231,substitution,SUB out: J. Valanciunas,[],Valanciunas,44,30,,False,False,202685,,substitution,substitution,,,,1626153|1629630|1630180|1630217|1630253|201961|203486|203924,1610612763.0,22000452
2,PT06M23.00S,06:23,Q2 06:23,29.616666666666667,232,substitution,SUB out: S. McDermott,[],McDermott,44,30,,False,False,1630253,,substitution,substitution,,,,1626153|1629630|1630180|1630217|201961|203486|203924,1610612763.0,22000452
2,PT06M23.00S,06:23,Q2 06:23,29.616666666666667,233,substitution,SUB in: X. Tillman,[],Tillman,44,30,,False,False,1630214,,substitution,substitution,,,,1626153|1629630|1630180|1630214|1630217|201961|203486|203924,1610612763.0,22000452
2,PT06M23.00S,06:23,Q2 06:23,29.616666666666667,234,substitution,SUB in: G. Allen,[],Allen,44,30,,False,False,1628960,,substitution,substitution,,,,1626153|1628960|1629630|1630180|1630214|1630217|201961|203486|203924,1610612763.0,22000452
2,PT06M23.00S,06:23,Q2 06:23,29.616666666666667,235,substitution,SUB in: B. Clarke,[],Clarke,44,30,,False,False,1629634,,substitution,3pt made,,,,1626153|1628960|1629630|1629634|1630180|1630214|1630217|201961|203486|203924,1610612763.0,22000452
2,PT06M14.00S,06:14,Q2 06:14,29.766666666666666,236,3pt,D. Wright 25' 3PT  (11 PTS) (J. Grant 2 AST),[],Wright,44,33,Made,True,True,1626153,203924.0,substitution,2pt missed,,,,1626153|1628960|1629630|1629634|1630180|1630214|1630217|201961|203486|203924,1610612765.0,22000452
2,PT05M57.00S,05:57,Q2 05:57,28.05,238,2pt,MISS G. Allen driving floating Shot,['pointsinthepaint'],Allen,44,33,Missed,True,False,1628960,,3pt made,rebound,,,,1626153|1628960|1629630|1629634|1630180|1630214|1630217|201961|203486|203924,1610612763.0,22000452
2,PT05M56.00S,05:56,Q2 05:56,28.066666666666666,239,rebound,M. Plumlee REBOUND (Off:1 Def:4),[],Plumlee,44,33,,False,False,203486,,2pt missed,turnover,,,,1626153|1628960|1629630|1629634|1630180|1630214|1630217|201961|203486|203924,1610612765.0,22000452
2,PT05M45.00S,05:45,Q2 05:45,28.25,243,turnover,D. Wright lost ball TURNOVER (1 TO),[],Wright,44,33,,False,False,1626153,,rebound,steal,,1630217.0,,1626153|1628960|1629630|1629634|1630180|1630214|1630217|201961|203486|203924,1610612765.0,22000452
2,PT05M45.00S,05:45,Q2 05:45,28.25,244,steal,D. Bane STEAL (1 STL),[],Bane,44,33,,False,False,1630217,,turnover,2pt missed,,,,1626153|1628960|1629630|1629634|1630180|1630214|1630217|201961|203486|203924,1610612763.0,22000452
2,PT05M37.00S,05:37,Q2 05:37,28.383333333333333,245,2pt,MISS D. Bane driving Layup,"['pointsinthepaint', 'fromturnover']",Bane,44,33,Missed,True,False,1630217,,steal,rebound,,,,1626153|1628960|1629630|1629634|1630180|1630214|1630217|201961|203486|203924,1610612763.0,22000452
2,PT05M35.00S,05:35,Q2 05:35,28.416666666666668,246,rebound,M. Plumlee REBOUND (Off:1 Def:5),[],Plumlee,44,33,,False,False,203486,,2pt missed,3pt made,,,,1626153|1628960|1629630|1629634|1630180|1630214|1630217|201961|203486|203924,1610612765.0,22000452
2,PT05M31.00S,05:31,Q2 05:31,28.483333333333334,247,3pt,S. Bey 25' 3PT  (5 PTS) (D. Wright 2 AST),['fastbreak'],Bey,44,36,Made,True,True,1630180,1626153.0,rebound,timeout,,,,1626153|1628960|1629630|1629634|1630180|1630214|1630217|201961|203486|203924,1610612765.0,22000452
2,PT05M29.00S,05:29,Q2 05:29,28.516666666666666,249,timeout,MEM Timeout,"['team', 'mandatory']",,44,36,,False,False,0,,3pt made,2pt made,,,,1626153|1628960|1629630|1629634|1630180|1630214|1630217|201961|203486|203924,1610612763.0,22000452
2,PT05M19.00S,05:19,Q2 05:19,28.683333333333334,250,2pt,B. Clarke alley-oop DUNK (5 PTS) (J. Morant 2 AST),['pointsinthepaint'],Clarke,46,36,Made,True,True,1629634,1629630.0,timeout,3pt missed,,,,1626153|1628960|1629630|1629634|1630180|1630214|1630217|201961|203486|203924,1610612763.0,22000452
2,PT05M05.00S,05:05,Q2 05:05,28.916666666666668,252,3pt,MISS D. Wright 26' pullup 3PT,[],Wright,46,36,Missed,True,False,1626153,,2pt made,rebound,,,,1626153|1628960|1629630|1629634|1630180|1630214|1630217|201961|203486|203924,1610612765.0,22000452
2,PT05M01.00S,05:01,Q2 05:01,28.983333333333334,254,rebound,M. Plumlee REBOUND (Off:2 Def:5),[],Plumlee,46,36,,False,False,203486,,3pt missed,2pt missed,,,,1626153|1628960|1629630|1629634|1630180|1630214|1630217|201961|203486|203924,1610612765.0,22000452
2,PT04M54.00S,04:54,Q2 04:54,27.1,255,2pt,MISS J. Grant 6' turnaround Hook,"['pointsinthepaint', '2ndchance']",Grant,46,36,Missed,True,False,203924,,rebound,rebound,,,,1626153|1628960|1629630|1629634|1630180|1630214|1630217|201961|203486|203924,1610612765.0,22000452
2,PT04M53.00S,04:53,Q2 04:53,27.116666666666667,256,rebound,J. Grant REBOUND (Off:1 Def:0),[],Grant,46,36,,False,False,203924,,2pt missed,2pt made,,,,1626153|1628960|1629630|1629634|1630180|1630214|1630217|201961|203486|203924,1610612765.0,22000452
2,PT04M51.00S,04:51,Q2 04:51,27.15,257,2pt,J. Grant 7' turnaround fadeaway Jump Shot (2 PTS),"['pointsinthepaint', '2ndchance']",Grant,46,38,Made,True,False,203924,,rebound,3pt made,,,,1626153|1628960|1629630|1629634|1630180|1630214|1630217|201961|203486|203924,1610612765.0,22000452
2,PT04M37.00S,04:37,Q2 04:37,27.383333333333333,258,3pt,D. Bane 24' 3PT pullup (5 PTS) (X. Tillman 2 AST),[],Bane,49,38,Made,True,True,1630217,1630214.0,2pt made,turnover,,,,1626153|1628960|1629630|1629634|1630180|1630214|1630217|201961|203486|203924,1610612763.0,22000452
2,PT04M17.00S,04:17,Q2 04:17,27.716666666666665,260,turnover,M. Plumlee traveling TURNOVER (3 TO),[],Plumlee,49,38,,False,False,203486,,3pt made,2pt missed,,,,1626153|1628960|1629630|1629634|1630180|1630214|1630217|201961|203486|203924,1610612765.0,22000452
2,PT04M05.00S,04:05,Q2 04:05,27.916666666666668,261,2pt,MISS D. Bane 20' pullup Shot,['fromturnover'],Bane,49,38,Missed,True,False,1630217,,turnover,rebound,,,,1626153|1628960|1629630|1629634|1630180|1630214|1630217|201961|203486|203924,1610612763.0,22000452
2,PT04M05.00S,04:05,Q2 04:05,27.916666666666668,262,rebound,TEAM offensive REBOUND,['team'],,49,38,,False,False,0,,2pt missed,foul,,,,1626153|1628960|1629630|1629634|1630180|1630214|1630217|201961|203486|203924,1610612763.0,22000452
2,PT04M05.00S,04:05,Q2 04:05,27.916666666666668,263,foul,S. Bey loose ball personal FOUL (2 PF),[],Bey,49,38,,False,False,1630180,,rebound,2pt made,1630214.0,,,1626153|1628960|1629630|1629634|1630180|1630214|1630217|201961|203486|203924,1610612765.0,22000452
2,PT03M53.00S,03:53,Q2 03:53,26.116666666666667,265,2pt,X. Tillman cutting DUNK (6 PTS) (J. Morant 3 AST),"['pointsinthepaint', 'fromturnover', '2ndchance']",Tillman,51,38,Made,True,True,1630214,1629630.0,foul,3pt missed,,,,1626153|1628960|1629630|1629634|1630180|1630214|1630217|201961|203486|203924,1610612763.0,22000452
2,PT03M37.00S,03:37,Q2 03:37,26.383333333333333,267,3pt,MISS S. Bey 26' 3PT,[],Bey,51,38,Missed,True,False,1630180,,2pt made,rebound,,,,1626153|1628960|1629630|1629634|1630180|1630214|1630217|201961|203486|203924,1610612765.0,22000452
2,PT03M35.00S,03:35,Q2 03:35,26.416666666666668,268,rebound,G. Allen REBOUND (Off:0 Def:2),[],Allen,51,38,,False,False,1628960,,3pt missed,2pt missed,,,,1626153|1628960|1629630|1629634|1630180|1630214|1630217|201961|203486|203924,1610612763.0,22000452
2,PT03M28.00S,03:28,Q2 03:28,26.533333333333335,269,2pt,MISS G. Allen 9' driving floating Shot,['pointsinthepaint'],Allen,51,38,Missed,True,False,1628960,,rebound,rebound,,,,1626153|1628960|1629630|1629634|1630180|1630214|1630217|201961|203486|203924,1610612763.0,22000452
2,PT03M25.00S,03:25,Q2 03:25,26.583333333333332,270,rebound,M. Plumlee REBOUND (Off:2 Def:6),[],Plumlee,51,38,,False,False,203486,,2pt missed,2pt missed,,,,1626153|1628960|1629630|1629634|1630180|1630214|1630217|201961|203486|203924,1610612765.0,22000452
2,PT03M14.00S,03:14,Q2 03:14,26.766666666666666,271,2pt,MISS S. Bey 9' driving floating Shot,['pointsinthepaint'],Bey,51,38,Missed,True,False,1630180,,rebound,rebound,,,,1626153|1628960|1629630|1629634|1630180|1630214|1630217|201961|203486|203924,1610612765.0,22000452
2,PT03M11.00S,03:11,Q2 03:11,26.816666666666666,272,rebound,X. Tillman REBOUND (Off:1 Def:1),[],Tillman,51,38,,False,False,1630214,,2pt missed,3pt missed,,,,1626153|1628960|1629630|1629634|1630180|1630214|1630217|201961|203486|203924,1610612763.0,22000452
2,PT03M04.00S,03:04,Q2 03:04,26.933333333333334,273,3pt,MISS X. Tillman 24' 3PT,[],Tillman,51,38,Missed,True,False,1630214,,rebound,rebound,,,,1626153|1628960|1629630|1629634|1630180|1630214|1630217|201961|203486|203924,1610612763.0,22000452
2,PT03M01.00S,03:01,Q2 03:01,26.983333333333334,274,rebound,W. Ellington REBOUND (Off:0 Def:1),[],Ellington,51,38,,False,False,201961,,3pt missed,3pt missed,,,,1626153|1628960|1629630|1629634|1630180|1630214|1630217|201961|203486|203924,1610612765.0,22000452
2,PT02M48.00S,02:48,Q2 02:48,25.2,275,3pt,MISS J. Grant 27' 3PT,[],Grant,51,38,Missed,True,False,203924,,rebound,rebound,,,,1626153|1628960|1629630|1629634|1630180|1630214|1630217|201961|203486|203924,1610612765.0,22000452
2,PT02M46.00S,02:46,Q2 02:46,25.233333333333334,276,rebound,B. Clarke REBOUND (Off:0 Def:4),[],Clarke,51,38,,False,False,1629634,,3pt missed,2pt made,,,,1626153|1628960|1629630|1629634|1630180|1630214|1630217|201961|203486|203924,1610612763.0,22000452
2,PT02M34.00S,02:34,Q2 02:34,25.433333333333334,277,2pt,J. Morant driving DUNK (8 PTS),['pointsinthepaint'],Morant,53,38,Made,True,False,1629630,,rebound,timeout,,,,1626153|1628960|1629630|1629634|1630180|1630214|1630217|201961|203486|203924,1610612763.0,22000452
2,PT02M27.00S,02:27,Q2 02:27,25.55,278,timeout,DET Timeout,['team'],,53,38,,False,False,0,,2pt made,substitution,,,,1626153|1628960|1629630|1629634|1630180|1630214|1630217|201961|203486|203924,1610612765.0,22000452
2,PT02M27.00S,02:27,Q2 02:27,25.55,279,substitution,SUB out: D. Bane,[],Bane,53,38,,False,False,1630217,,timeout,substitution,,,,1626153|1628960|1629630|1629634|1630180|1630214|201961|203486|203924,1610612763.0,22000452
2,PT02M27.00S,02:27,Q2 02:27,25.55,280,substitution,SUB out: X. Tillman,[],Tillman,53,38,,False,False,1630214,,substitution,substitution,,,,1626153|1628960|1629630|1629634|1630180|201961|203486|203924,1610612763.0,22000452
2,PT02M27.00S,02:27,Q2 02:27,25.55,281,substitution,SUB out: M. Plumlee,[],Plumlee,53,38,,False,False,203486,,substitution,substitution,,,,1626153|1628960|1629630|1629634|1630180|201961|203924,1610612765.0,22000452
2,PT02M27.00S,02:27,Q2 02:27,25.55,282,substitution,SUB out: D. Wright,[],Wright,53,38,,False,False,1626153,,substitution,substitution,,,,1628960|1629630|1629634|1630180|201961|203924,1610612765.0,22000452
2,PT02M27.00S,02:27,Q2 02:27,25.55,283,substitution,SUB in: D. Melton,[],Melton,53,38,,False,False,1629001,,substitution,substitution,,,,1628960|1629001|1629630|1629634|1630180|201961|203924,1610612763.0,22000452
2,PT02M27.00S,02:27,Q2 02:27,25.55,284,substitution,SUB in: J. Valanciunas,[],Valanciunas,53,38,,False,False,202685,,substitution,substitution,,,,1628960|1629001|1629630|1629634|1630180|201961|202685|203924,1610612763.0,22000452
2,PT02M27.00S,02:27,Q2 02:27,25.55,285,substitution,SUB in: I. Stewart,[],Stewart,53,38,,False,False,1630191,,substitution,substitution,,,,1628960|1629001|1629630|1629634|1630180|1630191|201961|202685|203924,1610612765.0,22000452
2,PT02M27.00S,02:27,Q2 02:27,25.55,286,substitution,SUB in: D. Smith Jr.,[],Smith Jr.,53,38,,False,False,1628372,,substitution,3pt missed,,,,1628372|1628960|1629001|1629630|1629634|1630180|1630191|201961|202685|203924,1610612765.0,22000452
2,PT02M20.00S,02:20,Q2 02:20,25.666666666666668,287,3pt,MISS S. Bey 25' 3PT,[],Bey,53,38,Missed,True,False,1630180,,substitution,rebound,,,,1628372|1628960|1629001|1629630|1629634|1630180|1630191|201961|202685|203924,1610612765.0,22000452
2,PT02M16.00S,02:16,Q2 02:16,25.733333333333334,288,rebound,J. Morant REBOUND (Off:0 Def:1),[],Morant,53,38,,False,False,1629630,,3pt missed,turnover,,,,1628372|1628960|1629001|1629630|1629634|1630180|1630191|201961|202685|203924,1610612763.0,22000452
2,PT02M03.00S,02:03,Q2 02:03,25.95,289,turnover,J. Morant bad pass TURNOVER (1 TO),[],Morant,53,38,,False,False,1629630,,rebound,steal,,1628372.0,,1628372|1628960|1629001|1629630|1629634|1630180|1630191|201961|202685|203924,1610612763.0,22000452
2,PT02M03.00S,02:03,Q2 02:03,25.95,290,steal,D. Smith Jr. STEAL (1 STL),[],Smith Jr.,53,38,,False,False,1628372,,turnover,turnover,,,,1628372|1628960|1629001|1629630|1629634|1630180|1630191|201961|202685|203924,1610612765.0,22000452
2,PT01M58.00S,01:58,Q2 01:58,24.033333333333335,291,turnover,D. Smith Jr. bad pass TURNOVER (1 TO),[],Smith Jr.,53,38,,False,False,1628372,,steal,steal,,1629001.0,,1628372|1628960|1629001|1629630|1629634|1630180|1630191|201961|202685|203924,1610612765.0,22000452
2,PT01M58.00S,01:58,Q2 01:58,24.033333333333335,292,steal,D. Melton STEAL (3 STL),[],Melton,53,38,,False,False,1629001,,turnover,3pt missed,,,,1628372|1628960|1629001|1629630|1629634|1630180|1630191|201961|202685|203924,1610612763.0,22000452
2,PT01M53.00S,01:53,Q2 01:53,24.116666666666667,293,3pt,MISS J. Morant 3PT,"['fromturnover', 'fastbreak']",Morant,53,38,Missed,True,False,1629630,,steal,rebound,,,,1628372|1628960|1629001|1629630|1629634|1630180|1630191|201961|202685|203924,1610612763.0,22000452
2,PT01M51.00S,01:51,Q2 01:51,24.15,294,rebound,TEAM defensive REBOUND,['team'],,53,38,,False,False,0,,3pt missed,foul,,,,1628372|1628960|1629001|1629630|1629634|1630180|1630191|201961|202685|203924,1610612765.0,22000452
2,PT01M51.00S,01:51,Q2 01:51,24.15,295,foul,J. Valanciunas loose ball personal FOUL (1 PF),[],Valanciunas,53,38,,False,False,202685,,rebound,turnover,203924.0,,,1628372|1628960|1629001|1629630|1629634|1630180|1630191|201961|202685|203924,1610612763.0,22000452
2,PT01M35.00S,01:35,Q2 01:35,24.416666666666668,297,turnover,J. Grant bad pass out-of-bounds TURNOVER (3 TO),[],Grant,53,38,,False,False,203924,,foul,2pt missed,,,,1628372|1628960|1629001|1629630|1629634|1630180|1630191|201961|202685|203924,1610612765.0,22000452
2,PT01M18.00S,01:18,Q2 01:18,24.7,298,2pt,MISS J. Valanciunas 6' turnaround Hook,"['pointsinthepaint', 'fromturnover']",Valanciunas,53,38,Missed,True,False,202685,,turnover,rebound,,,,1628372|1628960|1629001|1629630|1629634|1630180|1630191|201961|202685|203924,1610612763.0,22000452
2,PT01M16.00S,01:16,Q2 01:16,24.733333333333334,299,rebound,D. Smith Jr. REBOUND (Off:0 Def:1),[],Smith Jr.,53,38,,False,False,1628372,,2pt missed,3pt missed,,,,1628372|1628960|1629001|1629630|1629634|1630180|1630191|201961|202685|203924,1610612765.0,22000452
2,PT00M58.60S,00:58,Q2 00:58,23.033333333333335,300,3pt,MISS W. Ellington 25' 3PT,[],Ellington,53,38,Missed,True,False,201961,,rebound,rebound,,,,1628372|1628960|1629001|1629630|1629634|1630180|1630191|201961|202685|203924,1610612765.0,22000452
2,PT00M55.30S,00:55,Q2 00:55,23.083333333333332,301,rebound,D. Melton REBOUND (Off:0 Def:3),[],Melton,53,38,,False,False,1629001,,3pt missed,2pt missed,,,,1628372|1628960|1629001|1629630|1629634|1630180|1630191|201961|202685|203924,1610612763.0,22000452
2,PT00M36.50S,00:36,Q2 00:36,23.4,303,2pt,MISS J. Morant 8' driving Layup - blocked,['pointsinthepaint'],Morant,53,38,Missed,True,False,1629630,,rebound,block,,,1628372.0,1628372|1628960|1629001|1629630|1629634|1630180|1630191|201961|202685|203924,1610612763.0,22000452
2,PT00M36.50S,00:36,Q2 00:36,23.4,304,block,D. Smith Jr. BLOCK (1 BLK),[],Smith Jr.,53,38,,False,False,1628372,,2pt missed,rebound,,,,1628372|1628960|1629001|1629630|1629634|1630180|1630191|201961|202685|203924,1610612765.0,22000452
2,PT00M32.80S,00:32,Q2 00:32,23.466666666666665,305,rebound,D. Smith Jr. REBOUND (Off:0 Def:2),[],Smith Jr.,53,38,,False,False,1628372,,block,2pt made,,,,1628372|1628960|1629001|1629630|1629634|1630180|1630191|201961|202685|203924,1610612765.0,22000452
2,PT00M32.80S,00:32,Q2 00:32,23.466666666666665,306,2pt,W. Ellington running finger roll Layup (7 PTS) (D. Smith Jr. 3 AST),['pointsinthepaint'],Ellington,53,40,Made,True,True,201961,1628372.0,rebound,2pt missed,,,,1628372|1628960|1629001|1629630|1629634|1630180|1630191|201961|202685|203924,1610612765.0,22000452
2,PT00M12.40S,00:12,Q2 00:12,23.8,308,2pt,MISS J. Morant driving finger roll Layup,['pointsinthepaint'],Morant,53,40,Missed,True,False,1629630,,2pt made,rebound,,,,1628372|1628960|1629001|1629630|1629634|1630180|1630191|201961|202685|203924,1610612763.0,22000452
2,PT00M09.20S,00:09,Q2 00:09,23.85,309,rebound,J. Grant REBOUND (Off:1 Def:1),[],Grant,53,40,,False,False,203924,,2pt missed,foul,,,,1628372|1628960|1629001|1629630|1629634|1630180|1630191|201961|202685|203924,1610612765.0,22000452
2,PT00M02.30S,00:02,Q2 00:02,23.966666666666665,310,foul,J. Valanciunas shooting personal FOUL (2 PF) (Grant 3 FT),"['inpenalty', '3freethrow']",Valanciunas,53,40,,False,False,202685,,rebound,freethrow,203924.0,,,1628372|1628960|1629001|1629630|1629634|1630180|1630191|201961|202685|203924,1610612763.0,22000452
2,PT00M02.30S,00:02,Q2 00:02,23.966666666666665,312,freethrow,J. Grant Free Throw 1 of 3 (3 PTS),[],Grant,53,41,Made,False,False,203924,,foul,freethrow,,,,1628372|1628960|1629001|1629630|1629634|1630180|1630191|201961|202685|203924,1610612765.0,22000452
2,PT00M02.30S,00:02,Q2 00:02,23.966666666666665,313,freethrow,J. Grant Free Throw 2 of 3 (4 PTS),[],Grant,53,42,Made,False,False,203924,,freethrow,freethrow,,,,1628372|1628960|1629001|1629630|1629634|1630180|1630191|201961|202685|203924,1610612765.0,22000452
2,PT00M02.30S,00:02,Q2 00:02,23.966666666666665,316,freethrow,J. Grant Free Throw 3 of 3 (5 PTS),[],Grant,53,43,Made,False,False,203924,,freethrow,3pt missed,,,,1628372|1628960|1629001|1629630|1629634|1630180|1630191|201961|202685|203924,1610612765.0,22000452
2,PT00M00.00S,00:00,Q2 00:00,24.0,314,3pt,MISS J. Morant 35' running pullup 3PT,[],Morant,53,43,Missed,True,False,1629630,,freethrow,rebound,,,,1628372|1628960|1629001|1629630|1629634|1630180|1630191|201961|202685|203924,1610612763.0,22000452
2,PT00M00.00S,00:00,Q2 00:00,24.0,315,rebound,TEAM offensive REBOUND,['team'],,53,43,,False,False,0,,3pt missed,substitution,,,,1628372|1628960|1629001|1629630|1629634|1630180|1630191|201961|202685|203924,1610612763.0,22000452
3,PT12M00.00S,12:00,Q3 12:00,24.0,318,substitution,SUB out: D. Melton,['startperiod'],Melton,53,43,,False,False,1629001,,rebound,substitution,,,,1628372|1628960|1629630|1629634|1630180|1630191|201961|202685|203924,1610612763.0,22000452
3,PT12M00.00S,12:00,Q3 12:00,24.0,319,substitution,SUB out: I. Stewart,['startperiod'],Stewart,53,43,,False,False,1630191,,substitution,substitution,,,,1628372|1628960|1629630|1629634|1630180|201961|202685|203924,1610612765.0,22000452
3,PT12M00.00S,12:00,Q3 12:00,24.0,320,substitution,SUB out: D. Smith Jr.,['startperiod'],Smith Jr.,53,43,,False,False,1628372,,substitution,substitution,,,,1628960|1629630|1629634|1630180|201961|202685|203924,1610612765.0,22000452
3,PT12M00.00S,12:00,Q3 12:00,24.0,321,substitution,SUB in: K. Anderson,['startperiod'],Anderson,53,43,,False,False,203937,,substitution,substitution,,,,1628960|1629630|1629634|1630180|201961|202685|203924|203937,1610612763.0,22000452
3,PT12M00.00S,12:00,Q3 12:00,24.0,322,substitution,SUB in: M. Plumlee,['startperiod'],Plumlee,53,43,,False,False,203486,,substitution,substitution,,,,1628960|1629630|1629634|1630180|201961|202685|203486|203924|203937,1610612765.0,22000452
3,PT12M00.00S,12:00,Q3 12:00,24.0,323,substitution,SUB in: D. Wright,['startperiod'],Wright,53,43,,False,False,1626153,,substitution,turnover,,,,1626153|1628960|1629630|1629634|1630180|201961|202685|203486|203924|203937,1610612765.0,22000452
3,PT11M51.00S,11:51,Q3 11:51,22.15,325,turnover,J. Morant bad pass TURNOVER (2 TO),[],Morant,53,43,,False,False,1629630,,substitution,steal,,201961.0,,1626153|1628960|1629630|1629634|1630180|201961|202685|203486|203924|203937,1610612763.0,22000452
3,PT11M51.00S,11:51,Q3 11:51,22.15,326,steal,W. Ellington STEAL (1 STL),[],Ellington,53,43,,False,False,201961,,turnover,foul,,,,1626153|1628960|1629630|1629634|1630180|201961|202685|203486|203924|203937,1610612765.0,22000452
3,PT11M49.00S,11:49,Q3 11:49,22.183333333333334,327,foul,G. Allen shooting personal FOUL (1 PF) (Ellington 2 FT),['2freethrow'],Allen,53,43,,False,False,1628960,,steal,freethrow,201961.0,,,1626153|1628960|1629630|1629634|1630180|201961|202685|203486|203924|203937,1610612763.0,22000452
3,PT11M49.00S,11:49,Q3 11:49,22.183333333333334,329,freethrow,MISS W. Ellington Free Throw 1 of 2,"['fromturnover', 'fastbreak']",Ellington,53,43,Missed,False,False,201961,,foul,rebound,,,,1626153|1628960|1629630|1629634|1630180|201961|202685|203486|203924|203937,1610612765.0,22000452
3,PT11M49.00S,11:49,Q3 11:49,22.183333333333334,330,rebound,TEAM offensive REBOUND,"['team', 'deadball']",,53,43,,False,False,0,,freethrow,freethrow,,,,1626153|1628960|1629630|1629634|1630180|201961|202685|203486|203924|203937,1610612765.0,22000452
3,PT11M49.00S,11:49,Q3 11:49,22.183333333333334,331,freethrow,MISS W. Ellington Free Throw 2 of 2,"['fastbreak', 'fromturnover']",Ellington,53,43,Missed,False,False,201961,,rebound,rebound,,,,1626153|1628960|1629630|1629634|1630180|201961|202685|203486|203924|203937,1610612765.0,22000452
3,PT11M47.00S,11:47,Q3 11:47,22.216666666666665,332,rebound,K. Anderson REBOUND (Off:0 Def:3),[],Anderson,53,43,,False,False,203937,,freethrow,2pt made,,,,1626153|1628960|1629630|1629634|1630180|201961|202685|203486|203924|203937,1610612763.0,22000452
3,PT11M31.00S,11:31,Q3 11:31,22.483333333333334,333,2pt,J. Valanciunas 18' Jump Shot (13 PTS) (G. Allen 3 AST),[],Valanciunas,55,43,Made,True,True,202685,1628960.0,rebound,3pt made,,,,1626153|1628960|1629630|1629634|1630180|201961|202685|203486|203924|203937,1610612763.0,22000452
3,PT11M15.00S,11:15,Q3 11:15,22.75,335,3pt,S. Bey 25' 3PT  (8 PTS) (M. Plumlee 3 AST),[],Bey,55,46,Made,True,True,1630180,203486.0,2pt made,3pt missed,,,,1626153|1628960|1629630|1629634|1630180|201961|202685|203486|203924|203937,1610612765.0,22000452
3,PT11M00.00S,11:00,Q3 11:00,23.0,337,3pt,MISS G. Allen 25' 3PT,[],Allen,55,46,Missed,True,False,1628960,,3pt made,rebound,,,,1626153|1628960|1629630|1629634|1630180|201961|202685|203486|203924|203937,1610612763.0,22000452
3,PT10M59.00S,10:59,Q3 10:59,21.016666666666666,338,rebound,S. Bey REBOUND (Off:0 Def:3),[],Bey,55,46,,False,False,1630180,,3pt missed,3pt made,,,,1626153|1628960|1629630|1629634|1630180|201961|202685|203486|203924|203937,1610612765.0,22000452
3,PT10M47.00S,10:47,Q3 10:47,21.216666666666665,339,3pt,S. Bey 3PT step back (11 PTS) (W. Ellington 2 AST),[],Bey,55,49,Made,True,True,1630180,201961.0,rebound,3pt made,,,,1626153|1628960|1629630|1629634|1630180|201961|202685|203486|203924|203937,1610612765.0,22000452
3,PT10M26.00S,10:26,Q3 10:26,21.566666666666666,341,3pt,B. Clarke 3PT  (8 PTS) (K. Anderson 1 AST),[],Clarke,58,49,Made,True,True,1629634,203937.0,3pt made,3pt made,,,,1626153|1628960|1629630|1629634|1630180|201961|202685|203486|203924|203937,1610612763.0,22000452
3,PT10M14.00S,10:14,Q3 10:14,21.766666666666666,343,3pt,J. Grant 3PT  (8 PTS) (W. Ellington 3 AST),[],Grant,58,52,Made,True,True,203924,201961.0,3pt made,turnover,,,,1626153|1628960|1629630|1629634|1630180|201961|202685|203486|203924|203937,1610612765.0,22000452
3,PT09M58.00S,09:58,Q3 09:58,20.033333333333335,345,turnover,J. Valanciunas bad pass TURNOVER (3 TO),[],Valanciunas,58,52,,False,False,202685,,3pt made,steal,,203924.0,,1626153|1628960|1629630|1629634|1630180|201961|202685|203486|203924|203937,1610612763.0,22000452
3,PT09M58.00S,09:58,Q3 09:58,20.033333333333335,346,steal,J. Grant STEAL (1 STL),[],Grant,58,52,,False,False,203924,,turnover,3pt made,,,,1626153|1628960|1629630|1629634|1630180|201961|202685|203486|203924|203937,1610612765.0,22000452
3,PT09M51.00S,09:51,Q3 09:51,20.15,347,3pt,S. Bey 25' 3PT  (14 PTS) (W. Ellington 4 AST),"['fastbreak', 'fromturnover']",Bey,58,55,Made,True,True,1630180,201961.0,steal,timeout,,,,1626153|1628960|1629630|1629634|1630180|201961|202685|203486|203924|203937,1610612765.0,22000452
3,PT09M51.00S,09:51,Q3 09:51,20.15,349,timeout,MEM Timeout,"['team', 'mandatory']",,58,55,,False,False,0,,3pt made,2pt missed,,,,1626153|1628960|1629630|1629634|1630180|201961|202685|203486|203924|203937,1610612763.0,22000452
3,PT09M36.00S,09:36,Q3 09:36,20.4,350,2pt,MISS J. Valanciunas 11' floating Shot,['pointsinthepaint'],Valanciunas,58,55,Missed,True,False,202685,,timeout,rebound,,,,1626153|1628960|1629630|1629634|1630180|201961|202685|203486|203924|203937,1610612763.0,22000452
3,PT09M34.00S,09:34,Q3 09:34,20.433333333333334,351,rebound,M. Plumlee REBOUND (Off:2 Def:7),[],Plumlee,58,55,,False,False,203486,,2pt missed,2pt made,,,,1626153|1628960|1629630|1629634|1630180|201961|202685|203486|203924|203937,1610612765.0,22000452
3,PT09M23.00S,09:23,Q3 09:23,20.616666666666667,352,2pt,J. Grant driving reverse Layup (10 PTS) (M. Plumlee 4 AST),['pointsinthepaint'],Grant,58,57,Made,True,True,203924,203486.0,rebound,2pt missed,,,,1626153|1628960|1629630|1629634|1630180|201961|202685|203486|203924|203937,1610612765.0,22000452
3,PT09M13.00S,09:13,Q3 09:13,20.783333333333335,354,2pt,MISS J. Valanciunas driving reverse Layup,['pointsinthepaint'],Valanciunas,58,57,Missed,True,False,202685,,2pt made,rebound,,,,1626153|1628960|1629630|1629634|1630180|201961|202685|203486|203924|203937,1610612763.0,22000452
3,PT09M11.00S,09:11,Q3 09:11,20.816666666666666,355,rebound,M. Plumlee REBOUND (Off:2 Def:8),[],Plumlee,58,57,,False,False,203486,,2pt missed,2pt missed,,,,1626153|1628960|1629630|1629634|1630180|201961|202685|203486|203924|203937,1610612765.0,22000452
3,PT08M57.00S,08:57,Q3 08:57,19.05,356,2pt,MISS S. Bey 6' turnaround Hook - blocked,['pointsinthepaint'],Bey,58,57,Missed,True,False,1630180,,rebound,block,,,1629634.0,1626153|1628960|1629630|1629634|1630180|201961|202685|203486|203924|203937,1610612765.0,22000452
3,PT08M57.00S,08:57,Q3 08:57,19.05,357,block,B. Clarke BLOCK (1 BLK),[],Clarke,58,57,,False,False,1629634,,2pt missed,rebound,,,,1626153|1628960|1629630|1629634|1630180|201961|202685|203486|203924|203937,1610612763.0,22000452
3,PT08M53.00S,08:53,Q3 08:53,19.116666666666667,358,rebound,J. Valanciunas REBOUND (Off:5 Def:5),[],Valanciunas,58,57,,False,False,202685,,block,foul,,,,1626153|1628960|1629630|1629634|1630180|201961|202685|203486|203924|203937,1610612763.0,22000452
3,PT08M48.00S,08:48,Q3 08:48,19.2,359,foul,D. Wright personal FOUL (1 PF),[],Wright,58,57,,False,False,1626153,,rebound,2pt made,1629630.0,,,1626153|1628960|1629630|1629634|1630180|201961|202685|203486|203924|203937,1610612765.0,22000452
3,PT08M41.00S,08:41,Q3 08:41,19.316666666666666,361,2pt,J. Morant driving finger roll Layup (10 PTS) (B. Clarke 1 AST),['pointsinthepaint'],Morant,60,57,Made,True,True,1629630,1629634.0,foul,2pt missed,,,,1626153|1628960|1629630|1629634|1630180|201961|202685|203486|203924|203937,1610612763.0,22000452
3,PT08M26.00S,08:26,Q3 08:26,19.566666666666666,363,2pt,MISS J. Grant 13' step back Shot,[],Grant,60,57,Missed,True,False,203924,,2pt made,rebound,,,,1626153|1628960|1629630|1629634|1630180|201961|202685|203486|203924|203937,1610612765.0,22000452
3,PT08M22.00S,08:22,Q3 08:22,19.633333333333333,364,rebound,J. Valanciunas REBOUND (Off:5 Def:6),[],Valanciunas,60,57,,False,False,202685,,2pt missed,2pt made,,,,1626153|1628960|1629630|1629634|1630180|201961|202685|203486|203924|203937,1610612763.0,22000452
3,PT08M08.00S,08:08,Q3 08:08,19.866666666666667,365,2pt,B. Clarke driving reverse Layup (10 PTS) (G. Allen 4 AST),['pointsinthepaint'],Clarke,62,57,Made,True,True,1629634,1628960.0,rebound,turnover,,,,1626153|1628960|1629630|1629634|1630180|201961|202685|203486|203924|203937,1610612763.0,22000452
3,PT07M53.00S,07:53,Q3 07:53,18.116666666666667,367,turnover,M. Plumlee bad pass TURNOVER (4 TO),[],Plumlee,62,57,,False,False,203486,,2pt made,steal,,1628960.0,,1626153|1628960|1629630|1629634|1630180|201961|202685|203486|203924|203937,1610612765.0,22000452
3,PT07M53.00S,07:53,Q3 07:53,18.116666666666667,368,steal,G. Allen STEAL (2 STL),[],Allen,62,57,,False,False,1628960,,turnover,foul,,,,1626153|1628960|1629630|1629634|1630180|201961|202685|203486|203924|203937,1610612763.0,22000452
3,PT07M53.00S,07:53,Q3 07:53,18.116666666666667,369,foul,M. Plumlee take personal FOUL (2 PF),[],Plumlee,62,57,,False,False,203486,,steal,3pt made,1629630.0,,,1626153|1628960|1629630|1629634|1630180|201961|202685|203486|203924|203937,1610612765.0,22000452
3,PT07M43.00S,07:43,Q3 07:43,18.283333333333335,371,3pt,K. Anderson 3PT  (8 PTS) (G. Allen 5 AST),['fromturnover'],Anderson,65,57,Made,True,True,203937,1628960.0,foul,2pt missed,,,,1626153|1628960|1629630|1629634|1630180|201961|202685|203486|203924|203937,1610612763.0,22000452
3,PT07M19.00S,07:19,Q3 07:19,18.683333333333334,373,2pt,MISS M. Plumlee 15' pullup Shot,[],Plumlee,65,57,Missed,True,False,203486,,3pt made,rebound,,,,1626153|1628960|1629630|1629634|1630180|201961|202685|203486|203924|203937,1610612765.0,22000452
3,PT07M18.00S,07:18,Q3 07:18,18.7,374,rebound,M. Plumlee REBOUND (Off:3 Def:8),[],Plumlee,65,57,,False,False,203486,,2pt missed,3pt made,,,,1626153|1628960|1629630|1629634|1630180|201961|202685|203486|203924|203937,1610612765.0,22000452
3,PT07M15.00S,07:15,Q3 07:15,18.75,375,3pt,J. Grant 25' 3PT  (13 PTS) (D. Wright 3 AST),['2ndchance'],Grant,65,60,Made,True,True,203924,1626153.0,rebound,2pt made,,,,1626153|1628960|1629630|1629634|1630180|201961|202685|203486|203924|203937,1610612765.0,22000452
3,PT06M59.00S,06:59,Q3 06:59,17.016666666666666,377,2pt,J. Morant 9' driving floating Jump Shot (12 PTS),['pointsinthepaint'],Morant,67,60,Made,True,False,1629630,,3pt made,foul,,,,1626153|1628960|1629630|1629634|1630180|201961|202685|203486|203924|203937,1610612763.0,22000452
3,PT06M49.00S,06:49,Q3 06:49,17.183333333333334,378,foul,G. Allen personal FOUL (2 PF),[],Allen,67,60,,False,False,1628960,,2pt made,substitution,201961.0,,,1626153|1628960|1629630|1629634|1630180|201961|202685|203486|203924|203937,1610612763.0,22000452
3,PT06M49.00S,06:49,Q3 06:49,17.183333333333334,380,substitution,SUB out: J. Valanciunas,[],Valanciunas,67,60,,False,False,202685,,foul,substitution,,,,1626153|1628960|1629630|1629634|1630180|201961|203486|203924|203937,1610612763.0,22000452
3,PT06M49.00S,06:49,Q3 06:49,17.183333333333334,381,substitution,SUB out: K. Anderson,[],Anderson,67,60,,False,False,203937,,substitution,substitution,,,,1626153|1628960|1629630|1629634|1630180|201961|203486|203924,1610612763.0,22000452
3,PT06M49.00S,06:49,Q3 06:49,17.183333333333334,382,substitution,SUB in: X. Tillman,[],Tillman,67,60,,False,False,1630214,,substitution,substitution,,,,1626153|1628960|1629630|1629634|1630180|1630214|201961|203486|203924,1610612763.0,22000452
3,PT06M49.00S,06:49,Q3 06:49,17.183333333333334,383,substitution,SUB in: D. Bane,[],Bane,67,60,,False,False,1630217,,substitution,turnover,,,,1626153|1628960|1629630|1629634|1630180|1630214|1630217|201961|203486|203924,1610612763.0,22000452
3,PT06M43.00S,06:43,Q3 06:43,17.283333333333335,384,turnover,S. Bey bad pass TURNOVER (1 TO),[],Bey,67,60,,False,False,1630180,,substitution,steal,,1630214.0,,1626153|1628960|1629630|1629634|1630180|1630214|1630217|201961|203486|203924,1610612765.0,22000452
3,PT06M43.00S,06:43,Q3 06:43,17.283333333333335,385,steal,X. Tillman STEAL (1 STL),[],Tillman,67,60,,False,False,1630214,,turnover,2pt made,,,,1626153|1628960|1629630|1629634|1630180|1630214|1630217|201961|203486|203924,1610612763.0,22000452
3,PT06M33.00S,06:33,Q3 06:33,17.45,386,2pt,J. Morant 13' driving floating Jump Shot (14 PTS),"['pointsinthepaint', 'fromturnover']",Morant,69,60,Made,True,False,1629630,,steal,timeout,,,,1626153|1628960|1629630|1629634|1630180|1630214|1630217|201961|203486|203924,1610612763.0,22000452
3,PT06M32.00S,06:32,Q3 06:32,17.466666666666665,387,timeout,DET Timeout,"['team', 'mandatory']",,69,60,,False,False,0,,2pt made,substitution,,,,1626153|1628960|1629630|1629634|1630180|1630214|1630217|201961|203486|203924,1610612765.0,22000452
3,PT06M32.00S,06:32,Q3 06:32,17.466666666666665,388,substitution,SUB out: S. Bey,[],Bey,69,60,,False,False,1630180,,timeout,substitution,,,,1626153|1628960|1629630|1629634|1630214|1630217|201961|203486|203924,1610612765.0,22000452
3,PT06M32.00S,06:32,Q3 06:32,17.466666666666665,389,substitution,SUB out: D. Wright,[],Wright,69,60,,False,False,1626153,,substitution,substitution,,,,1628960|1629630|1629634|1630214|1630217|201961|203486|203924,1610612765.0,22000452
3,PT06M32.00S,06:32,Q3 06:32,17.466666666666665,390,substitution,SUB in: D. Smith Jr.,[],Smith Jr.,69,60,,False,False,1628372,,substitution,substitution,,,,1628372|1628960|1629630|1629634|1630214|1630217|201961|203486|203924,1610612765.0,22000452
3,PT06M32.00S,06:32,Q3 06:32,17.466666666666665,391,substitution,SUB in: J. Jackson,[],Jackson,69,60,,False,False,1628367,,substitution,3pt missed,,,,1628367|1628372|1628960|1629630|1629634|1630214|1630217|201961|203486|203924,1610612765.0,22000452
3,PT06M11.00S,06:11,Q3 06:11,17.816666666666666,392,3pt,MISS J. Grant 27' 3PT,[],Grant,69,60,Missed,True,False,203924,,substitution,rebound,,,,1628367|1628372|1628960|1629630|1629634|1630214|1630217|201961|203486|203924,1610612765.0,22000452
3,PT06M10.00S,06:10,Q3 06:10,17.833333333333332,393,rebound,TEAM defensive REBOUND,['team'],,69,60,,False,False,0,,3pt missed,2pt missed,,,,1628367|1628372|1628960|1629630|1629634|1630214|1630217|201961|203486|203924,1610612763.0,22000452
3,PT06M00.00S,06:00,Q3 06:00,18.0,395,2pt,MISS X. Tillman cutting Layup - blocked,['pointsinthepaint'],Tillman,69,60,Missed,True,False,1630214,,rebound,block,,,1628372.0,1628367|1628372|1628960|1629630|1629634|1630214|1630217|201961|203486|203924,1610612763.0,22000452
3,PT06M00.00S,06:00,Q3 06:00,18.0,396,block,D. Smith Jr. BLOCK (2 BLK),[],Smith Jr.,69,60,,False,False,1628372,,2pt missed,rebound,,,,1628367|1628372|1628960|1629630|1629634|1630214|1630217|201961|203486|203924,1610612765.0,22000452
3,PT06M00.00S,06:00,Q3 06:00,18.0,397,rebound,TEAM offensive REBOUND,['team'],,69,60,,False,False,0,,block,substitution,,,,1628367|1628372|1628960|1629630|1629634|1630214|1630217|201961|203486|203924,1610612763.0,22000452
3,PT06M00.00S,06:00,Q3 06:00,18.0,399,substitution,SUB out: M. Plumlee,[],Plumlee,69,60,,False,False,203486,,rebound,substitution,,,,1628367|1628372|1628960|1629630|1629634|1630214|1630217|201961|203924,1610612765.0,22000452
3,PT06M00.00S,06:00,Q3 06:00,18.0,400,substitution,SUB in: I. Stewart,[],Stewart,69,60,,False,False,1630191,,substitution,foul,,,,1628367|1628372|1628960|1629630|1629634|1630191|1630214|1630217|201961|203924,1610612765.0,22000452
3,PT05M56.00S,05:56,Q3 05:56,16.066666666666666,401,foul,W. Ellington personal FOUL (1 PF),[],Ellington,69,60,,False,False,201961,,substitution,2pt missed,1628960.0,,,1628367|1628372|1628960|1629630|1629634|1630191|1630214|1630217|201961|203924,1610612765.0,22000452
3,PT05M48.00S,05:48,Q3 05:48,16.2,403,2pt,MISS J. Morant driving floating Shot,"['pointsinthepaint', '2ndchance']",Morant,69,60,Missed,True,False,1629630,,foul,rebound,,,,1628367|1628372|1628960|1629630|1629634|1630191|1630214|1630217|201961|203924,1610612763.0,22000452
3,PT05M46.00S,05:46,Q3 05:46,16.233333333333334,404,rebound,X. Tillman REBOUND (Off:2 Def:1),[],Tillman,69,60,,False,False,1630214,,2pt missed,turnover,,,,1628367|1628372|1628960|1629630|1629634|1630191|1630214|1630217|201961|203924,1610612763.0,22000452
3,PT05M40.00S,05:40,Q3 05:40,16.333333333333332,405,turnover,D. Bane bad pass TURNOVER (1 TO),[],Bane,69,60,,False,False,1630217,,rebound,steal,,1628372.0,,1628367|1628372|1628960|1629630|1629634|1630191|1630214|1630217|201961|203924,1610612763.0,22000452
3,PT05M40.00S,05:40,Q3 05:40,16.333333333333332,406,steal,D. Smith Jr. STEAL (2 STL),[],Smith Jr.,69,60,,False,False,1628372,,turnover,turnover,,,,1628367|1628372|1628960|1629630|1629634|1630191|1630214|1630217|201961|203924,1610612765.0,22000452
3,PT05M36.00S,05:36,Q3 05:36,16.4,407,turnover,D. Smith Jr. lost ball TURNOVER (2 TO),[],Smith Jr.,69,60,,False,False,1628372,,steal,steal,,1628960.0,,1628367|1628372|1628960|1629630|1629634|1630191|1630214|1630217|201961|203924,1610612765.0,22000452
3,PT05M36.00S,05:36,Q3 05:36,16.4,408,steal,G. Allen STEAL (3 STL),[],Allen,69,60,,False,False,1628960,,turnover,foul,,,,1628367|1628372|1628960|1629630|1629634|1630191|1630214|1630217|201961|203924,1610612763.0,22000452
3,PT05M20.00S,05:20,Q3 05:20,16.666666666666668,409,foul,I. Stewart shooting personal FOUL (1 PF) (Morant 2 FT),['2freethrow'],Stewart,69,60,,False,False,1630191,,steal,freethrow,1629630.0,,,1628367|1628372|1628960|1629630|1629634|1630191|1630214|1630217|201961|203924,1610612765.0,22000452
3,PT05M20.00S,05:20,Q3 05:20,16.666666666666668,411,freethrow,J. Morant Free Throw 1 of 2 (15 PTS),['fromturnover'],Morant,70,60,Made,False,False,1629630,,foul,freethrow,,,,1628367|1628372|1628960|1629630|1629634|1630191|1630214|1630217|201961|203924,1610612763.0,22000452
3,PT05M20.00S,05:20,Q3 05:20,16.666666666666668,412,freethrow,MISS J. Morant Free Throw 2 of 2,['fromturnover'],Morant,70,60,Missed,False,False,1629630,,freethrow,rebound,,,,1628367|1628372|1628960|1629630|1629634|1630191|1630214|1630217|201961|203924,1610612763.0,22000452
3,PT05M18.00S,05:18,Q3 05:18,16.7,413,rebound,I. Stewart REBOUND (Off:1 Def:1),[],Stewart,70,60,,False,False,1630191,,freethrow,2pt made,,,,1628367|1628372|1628960|1629630|1629634|1630191|1630214|1630217|201961|203924,1610612765.0,22000452
3,PT05M07.00S,05:07,Q3 05:07,16.883333333333333,414,2pt,I. Stewart cutting Layup (2 PTS) (D. Smith Jr. 4 AST),['pointsinthepaint'],Stewart,70,62,Made,True,True,1630191,1628372.0,rebound,foul,,,,1628367|1628372|1628960|1629630|1629634|1630191|1630214|1630217|201961|203924,1610612765.0,22000452
3,PT04M54.00S,04:54,Q3 04:54,15.1,416,foul,D. Smith Jr. personal FOUL (1 PF) (Morant 2 FT),"['inpenalty', '2freethrow']",Smith Jr.,70,62,,False,False,1628372,,2pt made,freethrow,1629630.0,,,1628367|1628372|1628960|1629630|1629634|1630191|1630214|1630217|201961|203924,1610612765.0,22000452
3,PT04M54.00S,04:54,Q3 04:54,15.1,418,freethrow,J. Morant Free Throw 1 of 2 (16 PTS),[],Morant,71,62,Made,False,False,1629630,,foul,substitution,,,,1628367|1628372|1628960|1629630|1629634|1630191|1630214|1630217|201961|203924,1610612763.0,22000452
3,PT04M54.00S,04:54,Q3 04:54,15.1,419,substitution,SUB out: G. Allen,[],Allen,71,62,,False,False,1628960,,freethrow,substitution,,,,1628367|1628372|1629630|1629634|1630191|1630214|1630217|201961|203924,1610612763.0,22000452
3,PT04M54.00S,04:54,Q3 04:54,15.1,420,substitution,SUB out: W. Ellington,[],Ellington,71,62,,False,False,201961,,substitution,substitution,,,,1628367|1628372|1629630|1629634|1630191|1630214|1630217|203924,1610612765.0,22000452
3,PT04M54.00S,04:54,Q3 04:54,15.1,421,substitution,SUB in: D. Melton,[],Melton,71,62,,False,False,1629001,,substitution,substitution,,,,1628367|1628372|1629001|1629630|1629634|1630191|1630214|1630217|203924,1610612763.0,22000452
3,PT04M54.00S,04:54,Q3 04:54,15.1,422,substitution,SUB in: S. Mykhailiuk,[],Mykhailiuk,71,62,,False,False,1629004,,substitution,freethrow,,,,1628367|1628372|1629001|1629004|1629630|1629634|1630191|1630214|1630217|203924,1610612765.0,22000452
3,PT04M54.00S,04:54,Q3 04:54,15.1,423,freethrow,J. Morant Free Throw 2 of 2 (17 PTS),[],Morant,72,62,Made,False,False,1629630,,substitution,2pt made,,,,1628367|1628372|1629001|1629004|1629630|1629634|1630191|1630214|1630217|203924,1610612763.0,22000452
3,PT04M39.00S,04:39,Q3 04:39,15.35,424,2pt,J. Jackson driving finger roll Layup (6 PTS) (J. Grant 3 AST),['pointsinthepaint'],Jackson,72,64,Made,True,True,1628367,203924.0,freethrow,2pt missed,,,,1628367|1628372|1629001|1629004|1629630|1629634|1630191|1630214|1630217|203924,1610612765.0,22000452
3,PT04M27.00S,04:27,Q3 04:27,15.55,426,2pt,MISS B. Clarke 11' driving floating Shot,['pointsinthepaint'],Clarke,72,64,Missed,True,False,1629634,,2pt made,rebound,,,,1628367|1628372|1629001|1629004|1629630|1629634|1630191|1630214|1630217|203924,1610612763.0,22000452
3,PT04M27.00S,04:27,Q3 04:27,15.55,427,rebound,B. Clarke REBOUND (Off:1 Def:4),[],Clarke,72,64,,False,False,1629634,,2pt missed,2pt made,,,,1628367|1628372|1629001|1629004|1629630|1629634|1630191|1630214|1630217|203924,1610612763.0,22000452
3,PT04M25.00S,04:25,Q3 04:25,15.583333333333334,428,2pt,B. Clarke putback Layup (12 PTS),"['pointsinthepaint', '2ndchance']",Clarke,74,64,Made,True,False,1629634,,rebound,foul,,,,1628367|1628372|1629001|1629004|1629630|1629634|1630191|1630214|1630217|203924,1610612763.0,22000452
3,PT04M18.00S,04:18,Q3 04:18,15.7,429,foul,X. Tillman shooting personal FOUL (1 PF) (Jackson 2 FT),['2freethrow'],Tillman,74,64,,False,False,1630214,,2pt made,freethrow,1628367.0,,,1628367|1628372|1629001|1629004|1629630|1629634|1630191|1630214|1630217|203924,1610612763.0,22000452
3,PT04M18.00S,04:18,Q3 04:18,15.7,431,freethrow,J. Jackson Free Throw 1 of 2 (7 PTS),[],Jackson,74,65,Made,False,False,1628367,,foul,freethrow,,,,1628367|1628372|1629001|1629004|1629630|1629634|1630191|1630214|1630217|203924,1610612765.0,22000452
3,PT04M18.00S,04:18,Q3 04:18,15.7,432,freethrow,J. Jackson Free Throw 2 of 2 (8 PTS),[],Jackson,74,66,Made,False,False,1628367,,freethrow,2pt missed,,,,1628367|1628372|1629001|1629004|1629630|1629634|1630191|1630214|1630217|203924,1610612765.0,22000452
3,PT04M02.00S,04:02,Q3 04:02,15.966666666666667,433,2pt,MISS X. Tillman 6' floating Shot,['pointsinthepaint'],Tillman,74,66,Missed,True,False,1630214,,freethrow,rebound,,,,1628367|1628372|1629001|1629004|1629630|1629634|1630191|1630214|1630217|203924,1610612763.0,22000452
3,PT04M01.00S,04:01,Q3 04:01,15.983333333333333,434,rebound,X. Tillman REBOUND (Off:3 Def:1),[],Tillman,74,66,,False,False,1630214,,2pt missed,2pt made,,,,1628367|1628372|1629001|1629004|1629630|1629634|1630191|1630214|1630217|203924,1610612763.0,22000452
3,PT03M59.00S,03:59,Q3 03:59,14.016666666666667,435,2pt,X. Tillman putback Layup (8 PTS),"['pointsinthepaint', '2ndchance']",Tillman,76,66,Made,True,False,1630214,,rebound,3pt missed,,,,1628367|1628372|1629001|1629004|1629630|1629634|1630191|1630214|1630217|203924,1610612763.0,22000452
3,PT03M44.00S,03:44,Q3 03:44,14.266666666666667,436,3pt,MISS D. Smith Jr. 24' 3PT,[],Smith Jr.,76,66,Missed,True,False,1628372,,2pt made,rebound,,,,1628367|1628372|1629001|1629004|1629630|1629634|1630191|1630214|1630217|203924,1610612765.0,22000452
3,PT03M40.00S,03:40,Q3 03:40,14.333333333333334,437,rebound,B. Clarke REBOUND (Off:1 Def:5),[],Clarke,76,66,,False,False,1629634,,3pt missed,2pt missed,,,,1628367|1628372|1629001|1629004|1629630|1629634|1630191|1630214|1630217|203924,1610612763.0,22000452
3,PT03M27.00S,03:27,Q3 03:27,14.55,438,2pt,MISS D. Melton 9' driving floating bank Shot,['pointsinthepaint'],Melton,76,66,Missed,True,False,1629001,,rebound,rebound,,,,1628367|1628372|1629001|1629004|1629630|1629634|1630191|1630214|1630217|203924,1610612763.0,22000452
3,PT03M24.00S,03:24,Q3 03:24,14.6,439,rebound,X. Tillman REBOUND (Off:4 Def:1),[],Tillman,76,66,,False,False,1630214,,2pt missed,2pt made,,,,1628367|1628372|1629001|1629004|1629630|1629634|1630191|1630214|1630217|203924,1610612763.0,22000452
3,PT03M16.00S,03:16,Q3 03:16,14.733333333333333,440,2pt,J. Morant 6' driving floating Jump Shot (19 PTS),"['pointsinthepaint', '2ndchance']",Morant,78,66,Made,True,False,1629630,,rebound,2pt made,,,,1628367|1628372|1629001|1629004|1629630|1629634|1630191|1630214|1630217|203924,1610612763.0,22000452
3,PT02M53.00S,02:53,Q3 02:53,13.116666666666667,441,2pt,J. Grant 12' pullup Jump Shot (15 PTS),['pointsinthepaint'],Grant,78,68,Made,True,False,203924,,2pt made,2pt made,,,,1628367|1628372|1629001|1629004|1629630|1629634|1630191|1630214|1630217|203924,1610612765.0,22000452
3,PT02M38.00S,02:38,Q3 02:38,13.366666666666667,442,2pt,J. Morant 9' driving floating Jump Shot (21 PTS),[],Morant,80,68,Made,True,False,1629630,,2pt made,3pt missed,,,,1628367|1628372|1629001|1629004|1629630|1629634|1630191|1630214|1630217|203924,1610612763.0,22000452
3,PT02M14.00S,02:14,Q3 02:14,13.766666666666667,443,3pt,MISS D. Smith Jr. 25' 3PT,[],Smith Jr.,80,68,Missed,True,False,1628372,,2pt made,rebound,,,,1628367|1628372|1629001|1629004|1629630|1629634|1630191|1630214|1630217|203924,1610612765.0,22000452
3,PT02M12.00S,02:12,Q3 02:12,13.8,444,rebound,I. Stewart REBOUND (Off:2 Def:1),[],Stewart,80,68,,False,False,1630191,,3pt missed,2pt missed,,,,1628367|1628372|1629001|1629004|1629630|1629634|1630191|1630214|1630217|203924,1610612765.0,22000452
3,PT02M10.00S,02:10,Q3 02:10,13.833333333333334,445,2pt,MISS I. Stewart Hook - blocked,"['pointsinthepaint', '2ndchance']",Stewart,80,68,Missed,True,False,1630191,,rebound,block,,,1630214.0,1628367|1628372|1629001|1629004|1629630|1629634|1630191|1630214|1630217|203924,1610612765.0,22000452
3,PT02M10.00S,02:10,Q3 02:10,13.833333333333334,446,block,X. Tillman BLOCK (1 BLK),[],Tillman,80,68,,False,False,1630214,,2pt missed,rebound,,,,1628367|1628372|1629001|1629004|1629630|1629634|1630191|1630214|1630217|203924,1610612763.0,22000452
3,PT02M10.00S,02:10,Q3 02:10,13.833333333333334,447,rebound,TEAM offensive REBOUND,['team'],,80,68,,False,False,0,,block,substitution,,,,1628367|1628372|1629001|1629004|1629630|1629634|1630191|1630214|1630217|203924,1610612765.0,22000452
3,PT02M10.00S,02:10,Q3 02:10,13.833333333333334,449,substitution,SUB out: J. Morant,[],Morant,80,68,,False,False,1629630,,rebound,substitution,,,,1628367|1628372|1629001|1629004|1629634|1630191|1630214|1630217|203924,1610612763.0,22000452
3,PT02M10.00S,02:10,Q3 02:10,13.833333333333334,450,substitution,SUB out: B. Clarke,[],Clarke,80,68,,False,False,1629634,,substitution,substitution,,,,1628367|1628372|1629001|1629004|1630191|1630214|1630217|203924,1610612763.0,22000452
3,PT02M10.00S,02:10,Q3 02:10,13.833333333333334,451,substitution,SUB in: K. Anderson,[],Anderson,80,68,,False,False,203937,,substitution,substitution,,,,1628367|1628372|1629001|1629004|1630191|1630214|1630217|203924|203937,1610612763.0,22000452
3,PT02M10.00S,02:10,Q3 02:10,13.833333333333334,452,substitution,SUB in: T. Jones,[],Jones,80,68,,False,False,1626145,,substitution,2pt missed,,,,1626145|1628367|1628372|1629001|1629004|1630191|1630214|1630217|203924|203937,1610612763.0,22000452
3,PT02M01.00S,02:01,Q3 02:01,13.983333333333333,453,2pt,MISS J. Grant driving Layup - blocked,"['pointsinthepaint', '2ndchance']",Grant,80,68,Missed,True,False,203924,,substitution,block,,,1629001.0,1626145|1628367|1628372|1629001|1629004|1630191|1630214|1630217|203924|203937,1610612765.0,22000452
3,PT02M01.00S,02:01,Q3 02:01,13.983333333333333,454,block,D. Melton BLOCK (1 BLK),[],Melton,80,68,,False,False,1629001,,2pt missed,rebound,,,,1626145|1628367|1628372|1629001|1629004|1630191|1630214|1630217|203924|203937,1610612763.0,22000452
3,PT01M58.00S,01:58,Q3 01:58,12.033333333333333,455,rebound,I. Stewart REBOUND (Off:3 Def:1),[],Stewart,80,68,,False,False,1630191,,block,turnover,,,,1626145|1628367|1628372|1629001|1629004|1630191|1630214|1630217|203924|203937,1610612765.0,22000452
3,PT01M58.00S,01:58,Q3 01:58,12.033333333333333,456,turnover,I. Stewart lost ball TURNOVER (2 TO),[],Stewart,80,68,,False,False,1630191,,rebound,steal,,1630217.0,,1626145|1628367|1628372|1629001|1629004|1630191|1630214|1630217|203924|203937,1610612765.0,22000452
3,PT01M58.00S,01:58,Q3 01:58,12.033333333333333,457,steal,D. Bane STEAL (2 STL),[],Bane,80,68,,False,False,1630217,,turnover,2pt missed,,,,1626145|1628367|1628372|1629001|1629004|1630191|1630214|1630217|203924|203937,1610612763.0,22000452
3,PT01M55.00S,01:55,Q3 01:55,12.083333333333334,458,2pt,MISS D. Melton Layup - blocked,"['pointsinthepaint', 'fromturnover']",Melton,80,68,Missed,True,False,1629001,,steal,block,,,1628372.0,1626145|1628367|1628372|1629001|1629004|1630191|1630214|1630217|203924|203937,1610612763.0,22000452
3,PT01M55.00S,01:55,Q3 01:55,12.083333333333334,459,block,D. Smith Jr. BLOCK (3 BLK),[],Smith Jr.,80,68,,False,False,1628372,,2pt missed,rebound,,,,1626145|1628367|1628372|1629001|1629004|1630191|1630214|1630217|203924|203937,1610612765.0,22000452
3,PT01M55.00S,01:55,Q3 01:55,12.083333333333334,460,rebound,TEAM defensive REBOUND,['team'],,80,68,,False,False,0,,block,2pt missed,,,,1626145|1628367|1628372|1629001|1629004|1630191|1630214|1630217|203924|203937,1610612765.0,22000452
3,PT01M43.00S,01:43,Q3 01:43,12.283333333333333,462,2pt,MISS D. Smith Jr. 8' driving floating Shot - blocked,['pointsinthepaint'],Smith Jr.,80,68,Missed,True,False,1628372,,rebound,block,,,1626145.0,1626145|1628367|1628372|1629001|1629004|1630191|1630214|1630217|203924|203937,1610612765.0,22000452
3,PT01M43.00S,01:43,Q3 01:43,12.283333333333333,463,block,T. Jones BLOCK (1 BLK),[],Jones,80,68,,False,False,1626145,,2pt missed,rebound,,,,1626145|1628367|1628372|1629001|1629004|1630191|1630214|1630217|203924|203937,1610612763.0,22000452
3,PT01M43.00S,01:43,Q3 01:43,12.283333333333333,464,rebound,TEAM offensive REBOUND,['team'],,80,68,,False,False,0,,block,3pt missed,,,,1626145|1628367|1628372|1629001|1629004|1630191|1630214|1630217|203924|203937,1610612765.0,22000452
3,PT01M35.00S,01:35,Q3 01:35,12.416666666666666,466,3pt,MISS J. Jackson 24' 3PT,['2ndchance'],Jackson,80,68,Missed,True,False,1628367,,rebound,rebound,,,,1626145|1628367|1628372|1629001|1629004|1630191|1630214|1630217|203924|203937,1610612765.0,22000452
3,PT01M32.00S,01:32,Q3 01:32,12.466666666666667,467,rebound,D. Bane REBOUND (Off:0 Def:5),[],Bane,80,68,,False,False,1630217,,3pt missed,2pt made,,,,1626145|1628367|1628372|1629001|1629004|1630191|1630214|1630217|203924|203937,1610612763.0,22000452
3,PT01M23.00S,01:23,Q3 01:23,12.616666666666667,468,2pt,K. Anderson driving Layup (10 PTS) (X. Tillman 3 AST),['pointsinthepaint'],Anderson,82,68,Made,True,True,203937,1630214.0,rebound,3pt missed,,,,1626145|1628367|1628372|1629001|1629004|1630191|1630214|1630217|203924|203937,1610612763.0,22000452
3,PT01M05.00S,01:05,Q3 01:05,12.916666666666666,470,3pt,MISS J. Grant 24' 3PT,[],Grant,82,68,Missed,True,False,203924,,2pt made,rebound,,,,1626145|1628367|1628372|1629001|1629004|1630191|1630214|1630217|203924|203937,1610612765.0,22000452
3,PT01M01.00S,01:01,Q3 01:01,12.983333333333333,471,rebound,I. Stewart REBOUND (Off:4 Def:1),[],Stewart,82,68,,False,False,1630191,,3pt missed,2pt made,,,,1626145|1628367|1628372|1629001|1629004|1630191|1630214|1630217|203924|203937,1610612765.0,22000452
3,PT01M01.00S,01:01,Q3 01:01,12.983333333333333,472,2pt,I. Stewart tip Layup (4 PTS),"['pointsinthepaint', '2ndchance']",Stewart,82,70,Made,True,False,1630191,,rebound,3pt missed,,,,1626145|1628367|1628372|1629001|1629004|1630191|1630214|1630217|203924|203937,1610612765.0,22000452
3,PT00M47.90S,00:47,Q3 00:47,11.216666666666667,474,3pt,MISS D. Bane 24' 3PT,[],Bane,82,70,Missed,True,False,1630217,,2pt made,rebound,,,,1626145|1628367|1628372|1629001|1629004|1630191|1630214|1630217|203924|203937,1610612763.0,22000452
3,PT00M45.50S,00:45,Q3 00:45,11.25,475,rebound,J. Jackson REBOUND (Off:2 Def:4),[],Jackson,82,70,,False,False,1628367,,3pt missed,turnover,,,,1626145|1628367|1628372|1629001|1629004|1630191|1630214|1630217|203924|203937,1610612765.0,22000452
3,PT00M34.50S,00:34,Q3 00:34,11.433333333333334,476,turnover,J. Jackson lost ball TURNOVER (1 TO),[],Jackson,82,70,,False,False,1628367,,rebound,steal,,1629001.0,,1626145|1628367|1628372|1629001|1629004|1630191|1630214|1630217|203924|203937,1610612765.0,22000452
3,PT00M34.50S,00:34,Q3 00:34,11.433333333333334,477,steal,D. Melton STEAL (4 STL),[],Melton,82,70,,False,False,1629001,,turnover,2pt made,,,,1626145|1628367|1628372|1629001|1629004|1630191|1630214|1630217|203924|203937,1610612763.0,22000452
3,PT00M31.40S,00:31,Q3 00:31,11.483333333333333,478,2pt,D. Melton running DUNK (5 PTS),"['pointsinthepaint', 'fromturnover', 'fastbreak']",Melton,84,70,Made,True,False,1629001,,steal,3pt made,,,,1626145|1628367|1628372|1629001|1629004|1630191|1630214|1630217|203924|203937,1610612763.0,22000452
3,PT00M07.90S,00:07,Q3 00:07,11.883333333333333,479,3pt,J. Jackson 24' 3PT  (11 PTS) (S. Mykhailiuk 1 AST),[],Jackson,84,73,Made,True,True,1628367,1629004.0,2pt made,turnover,,,,1626145|1628367|1628372|1629001|1629004|1630191|1630214|1630217|203924|203937,1610612765.0,22000452
3,PT00M02.50S,00:02,Q3 00:02,11.966666666666667,481,turnover,K. Anderson bad pass TURNOVER (2 TO),[],Anderson,84,73,,False,False,203937,,3pt made,steal,,1628372.0,,1626145|1628367|1628372|1629001|1629004|1630191|1630214|1630217|203924|203937,1610612763.0,22000452
3,PT00M02.50S,00:02,Q3 00:02,11.966666666666667,482,steal,D. Smith Jr. STEAL (3 STL),[],Smith Jr.,84,73,,False,False,1628372,,turnover,foul,,,,1626145|1628367|1628372|1629001|1629004|1630191|1630214|1630217|203924|203937,1610612765.0,22000452
3,PT00M02.30S,00:02,Q3 00:02,11.966666666666667,483,foul,X. Tillman take personal FOUL (2 PF),[],Tillman,84,73,,False,False,1630214,,steal,3pt missed,1628372.0,,,1626145|1628367|1628372|1629001|1629004|1630191|1630214|1630217|203924|203937,1610612763.0,22000452
3,PT00M00.00S,00:00,Q3 00:00,12.0,485,3pt,MISS J. Grant 31' pullup 3PT,['fromturnover'],Grant,84,73,Missed,True,False,203924,,foul,rebound,,,,1626145|1628367|1628372|1629001|1629004|1630191|1630214|1630217|203924|203937,1610612765.0,22000452
3,PT00M00.00S,00:00,Q3 00:00,12.0,486,rebound,TEAM offensive REBOUND,['team'],,84,73,,False,False,0,,3pt missed,substitution,,,,1626145|1628367|1628372|1629001|1629004|1630191|1630214|1630217|203924|203937,1610612765.0,22000452
4,PT12M00.00S,12:00,Q4 12:00,12.0,488,substitution,SUB out: X. Tillman,['startperiod'],Tillman,84,73,,False,False,1630214,,rebound,substitution,,,,1626145|1628367|1628372|1629001|1629004|1630191|1630217|203924|203937,1610612763.0,22000452
4,PT12M00.00S,12:00,Q4 12:00,12.0,489,substitution,SUB out: D. Bane,['startperiod'],Bane,84,73,,False,False,1630217,,substitution,substitution,,,,1626145|1628367|1628372|1629001|1629004|1630191|203924|203937,1610612763.0,22000452
4,PT12M00.00S,12:00,Q4 12:00,12.0,490,substitution,SUB out: D. Smith Jr.,['startperiod'],Smith Jr.,84,73,,False,False,1628372,,substitution,substitution,,,,1626145|1628367|1629001|1629004|1630191|203924|203937,1610612765.0,22000452
4,PT12M00.00S,12:00,Q4 12:00,12.0,491,substitution,SUB out: J. Grant,['startperiod'],Grant,84,73,,False,False,203924,,substitution,substitution,,,,1626145|1628367|1629001|1629004|1630191|203937,1610612765.0,22000452
4,PT12M00.00S,12:00,Q4 12:00,12.0,492,substitution,SUB out: I. Stewart,['startperiod'],Stewart,84,73,,False,False,1630191,,substitution,substitution,,,,1626145|1628367|1629001|1629004|203937,1610612765.0,22000452
4,PT12M00.00S,12:00,Q4 12:00,12.0,493,substitution,SUB in: J. Valanciunas,['startperiod'],Valanciunas,84,73,,False,False,202685,,substitution,substitution,,,,1626145|1628367|1629001|1629004|202685|203937,1610612763.0,22000452
4,PT12M00.00S,12:00,Q4 12:00,12.0,494,substitution,SUB in: S. McDermott,['startperiod'],McDermott,84,73,,False,False,1630253,,substitution,substitution,,,,1626145|1628367|1629001|1629004|1630253|202685|203937,1610612763.0,22000452
4,PT12M00.00S,12:00,Q4 12:00,12.0,495,substitution,SUB in: M. Plumlee,['startperiod'],Plumlee,84,73,,False,False,203486,,substitution,substitution,,,,1626145|1628367|1629001|1629004|1630253|202685|203486|203937,1610612765.0,22000452
4,PT12M00.00S,12:00,Q4 12:00,12.0,496,substitution,SUB in: S. Doumbouya,['startperiod'],Doumbouya,84,73,,False,False,1629635,,substitution,substitution,,,,1626145|1628367|1629001|1629004|1629635|1630253|202685|203486|203937,1610612765.0,22000452
4,PT12M00.00S,12:00,Q4 12:00,12.0,497,substitution,SUB in: D. Wright,['startperiod'],Wright,84,73,,False,False,1626153,,substitution,2pt made,,,,1626145|1626153|1628367|1629001|1629004|1629635|1630253|202685|203486|203937,1610612765.0,22000452
4,PT11M39.00S,11:39,Q4 11:39,10.35,500,2pt,J. Jackson 11' driving floating Jump Shot (13 PTS) (M. Plumlee 5 AST),['pointsinthepaint'],Jackson,84,75,Made,True,True,1628367,203486.0,substitution,2pt made,,,,1626145|1626153|1628367|1629001|1629004|1629635|1630253|202685|203486|203937,1610612765.0,22000452
4,PT11M15.00S,11:15,Q4 11:15,10.75,509,2pt,T. Jones driving floating bank Jump Shot (8 PTS),['pointsinthepaint'],Jones,86,75,Made,True,False,1626145,,2pt made,foul,,,,1626145|1626153|1628367|1629001|1629004|1629635|1630253|202685|203486|203937,1610612763.0,22000452
4,PT11M15.00S,11:15,Q4 11:15,10.75,502,foul,J. Valanciunas loose ball personal FOUL (3 PF),[],Valanciunas,86,75,,False,False,202685,,2pt made,3pt missed,1629004.0,,,1626145|1626153|1628367|1629001|1629004|1629635|1630253|202685|203486|203937,1610612763.0,22000452
4,PT11M02.00S,11:02,Q4 11:02,10.966666666666667,505,3pt,MISS S. Mykhailiuk 25' pullup 3PT,[],Mykhailiuk,86,75,Missed,True,False,1629004,,foul,rebound,,,,1626145|1626153|1628367|1629001|1629004|1629635|1630253|202685|203486|203937,1610612765.0,22000452
4,PT10M58.00S,10:58,Q4 10:58,9.033333333333333,506,rebound,K. Anderson REBOUND (Off:0 Def:4),[],Anderson,86,75,,False,False,203937,,3pt missed,turnover,,,,1626145|1626153|1628367|1629001|1629004|1629635|1630253|202685|203486|203937,1610612763.0,22000452
4,PT10M44.00S,10:44,Q4 10:44,9.266666666666667,507,turnover,D. Melton traveling TURNOVER (1 TO),[],Melton,86,75,,False,False,1629001,,rebound,2pt made,,,,1626145|1626153|1628367|1629001|1629004|1629635|1630253|202685|203486|203937,1610612763.0,22000452
4,PT10M32.00S,10:32,Q4 10:32,9.466666666666667,508,2pt,D. Wright Layup (13 PTS),"['pointsinthepaint', 'fromturnover']",Wright,86,77,Made,True,False,1626153,,turnover,foul,,,,1626145|1626153|1628367|1629001|1629004|1629635|1630253|202685|203486|203937,1610612765.0,22000452
4,PT10M22.00S,10:22,Q4 10:22,9.633333333333333,510,foul,D. Wright shooting personal FOUL (2 PF) (Valanciunas 2 FT),['2freethrow'],Wright,86,77,,False,False,1626153,,2pt made,freethrow,202685.0,,,1626145|1626153|1628367|1629001|1629004|1629635|1630253|202685|203486|203937,1610612765.0,22000452
4,PT10M22.00S,10:22,Q4 10:22,9.633333333333333,512,freethrow,J. Valanciunas Free Throw 1 of 2 (14 PTS),[],Valanciunas,87,77,Made,False,False,202685,,foul,substitution,,,,1626145|1626153|1628367|1629001|1629004|1629635|1630253|202685|203486|203937,1610612763.0,22000452
4,PT10M22.00S,10:22,Q4 10:22,9.633333333333333,513,substitution,SUB out: S. Mykhailiuk,[],Mykhailiuk,87,77,,False,False,1629004,,freethrow,substitution,,,,1626145|1626153|1628367|1629001|1629635|1630253|202685|203486|203937,1610612765.0,22000452
4,PT10M22.00S,10:22,Q4 10:22,9.633333333333333,514,substitution,SUB in: S. Bey,[],Bey,87,77,,False,False,1630180,,substitution,freethrow,,,,1626145|1626153|1628367|1629001|1629635|1630180|1630253|202685|203486|203937,1610612765.0,22000452
4,PT10M22.00S,10:22,Q4 10:22,9.633333333333333,515,freethrow,J. Valanciunas Free Throw 2 of 2 (15 PTS),[],Valanciunas,88,77,Made,False,False,202685,,substitution,2pt made,,,,1626145|1626153|1628367|1629001|1629635|1630180|1630253|202685|203486|203937,1610612763.0,22000452
4,PT10M04.00S,10:04,Q4 10:04,9.933333333333334,516,2pt,S. Doumbouya driving Layup (2 PTS) (D. Wright 4 AST),['pointsinthepaint'],Doumbouya,88,79,Made,True,True,1629635,1626153.0,freethrow,2pt missed,,,,1626145|1626153|1628367|1629001|1629635|1630180|1630253|202685|203486|203937,1610612765.0,22000452
4,PT09M54.00S,09:54,Q4 09:54,8.1,518,2pt,MISS K. Anderson 10' driving floating Shot,['pointsinthepaint'],Anderson,88,79,Missed,True,False,203937,,2pt made,rebound,,,,1626145|1626153|1628367|1629001|1629635|1630180|1630253|202685|203486|203937,1610612763.0,22000452
4,PT09M52.00S,09:52,Q4 09:52,8.133333333333333,519,rebound,M. Plumlee REBOUND (Off:3 Def:9),[],Plumlee,88,79,,False,False,203486,,2pt missed,foul,,,,1626145|1626153|1628367|1629001|1629635|1630180|1630253|202685|203486|203937,1610612765.0,22000452
4,PT09M43.00S,09:43,Q4 09:43,8.283333333333333,520,foul,S. McDermott personal FOUL (1 PF),[],McDermott,88,79,,False,False,1630253,,rebound,3pt missed,1626153.0,,,1626145|1626153|1628367|1629001|1629635|1630180|1630253|202685|203486|203937,1610612763.0,22000452
4,PT09M37.00S,09:37,Q4 09:37,8.383333333333333,522,3pt,MISS J. Jackson 25' pullup 3PT,[],Jackson,88,79,Missed,True,False,1628367,,foul,rebound,,,,1626145|1626153|1628367|1629001|1629635|1630180|1630253|202685|203486|203937,1610612765.0,22000452
4,PT09M32.00S,09:32,Q4 09:32,8.466666666666667,523,rebound,J. Valanciunas REBOUND (Off:5 Def:7),[],Valanciunas,88,79,,False,False,202685,,3pt missed,3pt missed,,,,1626145|1626153|1628367|1629001|1629635|1630180|1630253|202685|203486|203937,1610612763.0,22000452
4,PT09M10.00S,09:10,Q4 09:10,8.833333333333334,524,3pt,MISS S. McDermott 25' 3PT,[],McDermott,88,79,Missed,True,False,1630253,,rebound,rebound,,,,1626145|1626153|1628367|1629001|1629635|1630180|1630253|202685|203486|203937,1610612763.0,22000452
4,PT09M07.00S,09:07,Q4 09:07,8.883333333333333,525,rebound,J. Jackson REBOUND (Off:2 Def:5),[],Jackson,88,79,,False,False,1628367,,3pt missed,3pt made,,,,1626145|1626153|1628367|1629001|1629635|1630180|1630253|202685|203486|203937,1610612765.0,22000452
4,PT09M03.00S,09:03,Q4 09:03,8.95,526,3pt,D. Wright 24' 3PT running (16 PTS) (J. Jackson 2 AST),['fastbreak'],Wright,88,82,Made,True,True,1626153,1628367.0,rebound,turnover,,,,1626145|1626153|1628367|1629001|1629635|1630180|1630253|202685|203486|203937,1610612765.0,22000452
4,PT08M44.00S,08:44,Q4 08:44,7.266666666666667,528,turnover,S. McDermott bad pass TURNOVER (1 TO),[],McDermott,88,82,,False,False,1630253,,3pt made,steal,,203486.0,,1626145|1626153|1628367|1629001|1629635|1630180|1630253|202685|203486|203937,1610612763.0,22000452
4,PT08M44.00S,08:44,Q4 08:44,7.266666666666667,529,steal,M. Plumlee STEAL (1 STL),[],Plumlee,88,82,,False,False,203486,,turnover,timeout,,,,1626145|1626153|1628367|1629001|1629635|1630180|1630253|202685|203486|203937,1610612765.0,22000452
4,PT08M37.00S,08:37,Q4 08:37,7.383333333333333,530,timeout,DET Timeout,"['team', 'mandatory']",,88,82,,False,False,0,,steal,substitution,,,,1626145|1626153|1628367|1629001|1629635|1630180|1630253|202685|203486|203937,1610612765.0,22000452
4,PT08M37.00S,08:37,Q4 08:37,7.383333333333333,531,substitution,SUB out: D. Melton,[],Melton,88,82,,False,False,1629001,,timeout,substitution,,,,1626145|1626153|1628367|1629635|1630180|1630253|202685|203486|203937,1610612763.0,22000452
4,PT08M37.00S,08:37,Q4 08:37,7.383333333333333,532,substitution,SUB out: K. Anderson,[],Anderson,88,82,,False,False,203937,,substitution,substitution,,,,1626145|1626153|1628367|1629635|1630180|1630253|202685|203486,1610612763.0,22000452
4,PT08M37.00S,08:37,Q4 08:37,7.383333333333333,533,substitution,SUB out: T. Jones,[],Jones,88,82,,False,False,1626145,,substitution,substitution,,,,1626153|1628367|1629635|1630180|1630253|202685|203486,1610612763.0,22000452
4,PT08M37.00S,08:37,Q4 08:37,7.383333333333333,534,substitution,SUB out: S. McDermott,[],McDermott,88,82,,False,False,1630253,,substitution,substitution,,,,1626153|1628367|1629635|1630180|202685|203486,1610612763.0,22000452
4,PT08M37.00S,08:37,Q4 08:37,7.383333333333333,535,substitution,SUB out: D. Wright,[],Wright,88,82,,False,False,1626153,,substitution,substitution,,,,1628367|1629635|1630180|202685|203486,1610612765.0,22000452
4,PT08M37.00S,08:37,Q4 08:37,7.383333333333333,536,substitution,SUB in: J. Morant,[],Morant,88,82,,False,False,1629630,,substitution,substitution,,,,1628367|1629630|1629635|1630180|202685|203486,1610612763.0,22000452
4,PT08M37.00S,08:37,Q4 08:37,7.383333333333333,537,substitution,SUB in: B. Clarke,[],Clarke,88,82,,False,False,1629634,,substitution,substitution,,,,1628367|1629630|1629634|1629635|1630180|202685|203486,1610612763.0,22000452
4,PT08M37.00S,08:37,Q4 08:37,7.383333333333333,538,substitution,SUB in: G. Allen,[],Allen,88,82,,False,False,1628960,,substitution,substitution,,,,1628367|1628960|1629630|1629634|1629635|1630180|202685|203486,1610612763.0,22000452
4,PT08M37.00S,08:37,Q4 08:37,7.383333333333333,539,substitution,SUB in: D. Bane,[],Bane,88,82,,False,False,1630217,,substitution,substitution,,,,1628367|1628960|1629630|1629634|1629635|1630180|1630217|202685|203486,1610612763.0,22000452
4,PT08M37.00S,08:37,Q4 08:37,7.383333333333333,540,substitution,SUB in: D. Smith Jr.,[],Smith Jr.,88,82,,False,False,1628372,,substitution,3pt made,,,,1628367|1628372|1628960|1629630|1629634|1629635|1630180|1630217|202685|203486,1610612765.0,22000452
4,PT08M23.00S,08:23,Q4 08:23,7.616666666666666,541,3pt,S. Doumbouya 25' 3PT pullup (5 PTS) (M. Plumlee 6 AST),['fromturnover'],Doumbouya,88,85,Made,True,True,1629635,203486.0,substitution,foul,,,,1628367|1628372|1628960|1629630|1629634|1629635|1630180|1630217|202685|203486,1610612765.0,22000452
4,PT08M09.00S,08:09,Q4 08:09,7.85,543,foul,D. Smith Jr. personal FOUL (2 PF),[],Smith Jr.,88,85,,False,False,1628372,,3pt made,3pt missed,1629630.0,,,1628367|1628372|1628960|1629630|1629634|1629635|1630180|1630217|202685|203486,1610612765.0,22000452
4,PT08M01.00S,08:01,Q4 08:01,7.983333333333333,545,3pt,MISS J. Morant 25' step back 3PT,[],Morant,88,85,Missed,True,False,1629630,,foul,rebound,,,,1628367|1628372|1628960|1629630|1629634|1629635|1630180|1630217|202685|203486,1610612763.0,22000452
4,PT07M55.00S,07:55,Q4 07:55,6.083333333333333,546,rebound,S. Doumbouya REBOUND (Off:0 Def:1),[],Doumbouya,88,85,,False,False,1629635,,3pt missed,2pt missed,,,,1628367|1628372|1628960|1629630|1629634|1629635|1630180|1630217|202685|203486,1610612765.0,22000452
4,PT07M48.00S,07:48,Q4 07:48,6.2,547,2pt,MISS S. Doumbouya 7' turnaround Hook,['pointsinthepaint'],Doumbouya,88,85,Missed,True,False,1629635,,rebound,rebound,,,,1628367|1628372|1628960|1629630|1629634|1629635|1630180|1630217|202685|203486,1610612765.0,22000452
4,PT07M47.00S,07:47,Q4 07:47,6.216666666666667,548,rebound,M. Plumlee REBOUND (Off:4 Def:9),[],Plumlee,88,85,,False,False,203486,,2pt missed,turnover,,,,1628367|1628372|1628960|1629630|1629634|1629635|1630180|1630217|202685|203486,1610612765.0,22000452
4,PT07M47.00S,07:47,Q4 07:47,6.216666666666667,549,turnover,M. Plumlee lost ball out-of-bounds TURNOVER (5 TO),[],Plumlee,88,85,,False,False,203486,,rebound,2pt missed,,,,1628367|1628372|1628960|1629630|1629634|1629635|1630180|1630217|202685|203486,1610612765.0,22000452
4,PT07M32.00S,07:32,Q4 07:32,6.466666666666667,550,2pt,MISS J. Morant 13' driving floating Shot,"['pointsinthepaint', 'fromturnover']",Morant,88,85,Missed,True,False,1629630,,turnover,rebound,,,,1628367|1628372|1628960|1629630|1629634|1629635|1630180|1630217|202685|203486,1610612763.0,22000452
4,PT07M29.00S,07:29,Q4 07:29,6.516666666666667,551,rebound,M. Plumlee REBOUND (Off:4 Def:10),[],Plumlee,88,85,,False,False,203486,,2pt missed,foul,,,,1628367|1628372|1628960|1629630|1629634|1629635|1630180|1630217|202685|203486,1610612765.0,22000452
4,PT07M25.00S,07:25,Q4 07:25,6.583333333333333,552,foul,J. Jackson charge offensive FOUL (2 PF),[],Jackson,88,85,,False,False,1628367,,rebound,turnover,1628960.0,,,1628367|1628372|1628960|1629630|1629634|1629635|1630180|1630217|202685|203486,1610612765.0,22000452
4,PT07M25.00S,07:25,Q4 07:25,6.583333333333333,554,turnover,J. Jackson offensive foul TURNOVER (2 TO),[],Jackson,88,85,,False,False,1628367,,foul,2pt missed,,,,1628367|1628372|1628960|1629630|1629634|1629635|1630180|1630217|202685|203486,1610612765.0,22000452
4,PT07M09.00S,07:09,Q4 07:09,6.85,555,2pt,MISS B. Clarke 8' pullup Shot - blocked,"['pointsinthepaint', 'fromturnover']",Clarke,88,85,Missed,True,False,1629634,,turnover,block,,,203486.0,1628367|1628372|1628960|1629630|1629634|1629635|1630180|1630217|202685|203486,1610612763.0,22000452
4,PT07M09.00S,07:09,Q4 07:09,6.85,556,block,M. Plumlee BLOCK (2 BLK),[],Plumlee,88,85,,False,False,203486,,2pt missed,rebound,,,,1628367|1628372|1628960|1629630|1629634|1629635|1630180|1630217|202685|203486,1610612765.0,22000452
4,PT07M05.00S,07:05,Q4 07:05,6.916666666666667,557,rebound,J. Valanciunas REBOUND (Off:6 Def:7),[],Valanciunas,88,85,,False,False,202685,,block,2pt made,,,,1628367|1628372|1628960|1629630|1629634|1629635|1630180|1630217|202685|203486,1610612763.0,22000452
4,PT07M05.00S,07:05,Q4 07:05,6.916666666666667,558,2pt,J. Valanciunas reverse Layup (17 PTS),"['2ndchance', 'pointsinthepaint', 'fromturnover']",Valanciunas,90,85,Made,True,False,202685,,rebound,2pt made,,,,1628367|1628372|1628960|1629630|1629634|1629635|1630180|1630217|202685|203486,1610612763.0,22000452
4,PT06M55.00S,06:55,Q4 06:55,5.083333333333333,559,2pt,J. Jackson 22' pullup Jump Shot (15 PTS),[],Jackson,90,87,Made,True,False,1628367,,2pt made,3pt missed,,,,1628367|1628372|1628960|1629630|1629634|1629635|1630180|1630217|202685|203486,1610612765.0,22000452
4,PT06M42.00S,06:42,Q4 06:42,5.3,560,3pt,MISS J. Morant 25' 3PT,[],Morant,90,87,Missed,True,False,1629630,,2pt made,rebound,,,,1628367|1628372|1628960|1629630|1629634|1629635|1630180|1630217|202685|203486,1610612763.0,22000452
4,PT06M39.00S,06:39,Q4 06:39,5.35,561,rebound,M. Plumlee REBOUND (Off:4 Def:11),[],Plumlee,90,87,,False,False,203486,,3pt missed,2pt made,,,,1628367|1628372|1628960|1629630|1629634|1629635|1630180|1630217|202685|203486,1610612765.0,22000452
4,PT06M27.00S,06:27,Q4 06:27,5.55,562,2pt,M. Plumlee cutting Layup (8 PTS) (D. Smith Jr. 5 AST),['pointsinthepaint'],Plumlee,90,89,Made,True,True,203486,1628372.0,rebound,2pt missed,,,,1628367|1628372|1628960|1629630|1629634|1629635|1630180|1630217|202685|203486,1610612765.0,22000452
4,PT06M14.00S,06:14,Q4 06:14,5.766666666666667,564,2pt,MISS G. Allen 7' driving floating Shot,['pointsinthepaint'],Allen,90,89,Missed,True,False,1628960,,2pt made,rebound,,,,1628367|1628372|1628960|1629630|1629634|1629635|1630180|1630217|202685|203486,1610612763.0,22000452
4,PT06M11.00S,06:11,Q4 06:11,5.816666666666666,565,rebound,S. Doumbouya REBOUND (Off:0 Def:2),[],Doumbouya,90,89,,False,False,1629635,,2pt missed,2pt missed,,,,1628367|1628372|1628960|1629630|1629634|1629635|1630180|1630217|202685|203486,1610612765.0,22000452
4,PT05M51.00S,05:51,Q4 05:51,4.15,589,2pt,MISS D. Smith Jr. Layup,['pointsinthepaint'],Smith Jr.,90,89,Missed,True,False,1628372,,rebound,rebound,,,,1628367|1628372|1628960|1629630|1629634|1629635|1630180|1630217|202685|203486,1610612765.0,22000452
4,PT05M51.00S,05:51,Q4 05:51,4.15,590,rebound,J. Morant REBOUND (Off:0 Def:2),[],Morant,90,89,,False,False,1629630,,2pt missed,2pt made,,,,1628367|1628372|1628960|1629630|1629634|1629635|1630180|1630217|202685|203486,1610612763.0,22000452
4,PT05M47.00S,05:47,Q4 05:47,4.216666666666667,568,2pt,D. Bane 9' driving floating Jump Shot (7 PTS) (B. Clarke 2 AST),"['pointsinthepaint', 'fastbreak']",Bane,92,89,Made,True,True,1630217,1629634.0,rebound,foul,,,,1628367|1628372|1628960|1629630|1629634|1629635|1630180|1630217|202685|203486,1610612763.0,22000452
4,PT05M47.00S,05:47,Q4 05:47,4.216666666666667,569,foul,S. Bey shooting personal FOUL (3 PF) (Bane 1 FT),['1freethrow'],Bey,92,89,,False,False,1630180,,2pt made,substitution,1630217.0,,,1628367|1628372|1628960|1629630|1629634|1629635|1630180|1630217|202685|203486,1610612765.0,22000452
4,PT05M47.00S,05:47,Q4 05:47,4.216666666666667,572,substitution,SUB out: J. Valanciunas,[],Valanciunas,92,89,,False,False,202685,,foul,substitution,,,,1628367|1628372|1628960|1629630|1629634|1629635|1630180|1630217|203486,1610612763.0,22000452
4,PT05M47.00S,05:47,Q4 05:47,4.216666666666667,573,substitution,SUB out: S. Doumbouya,[],Doumbouya,92,89,,False,False,1629635,,substitution,substitution,,,,1628367|1628372|1628960|1629630|1629634|1630180|1630217|203486,1610612765.0,22000452
4,PT05M47.00S,05:47,Q4 05:47,4.216666666666667,574,substitution,SUB in: X. Tillman,[],Tillman,92,89,,False,False,1630214,,substitution,substitution,,,,1628367|1628372|1628960|1629630|1629634|1630180|1630214|1630217|203486,1610612763.0,22000452
4,PT05M47.00S,05:47,Q4 05:47,4.216666666666667,575,substitution,SUB in: J. Grant,[],Grant,92,89,,False,False,203924,,substitution,freethrow,,,,1628367|1628372|1628960|1629630|1629634|1630180|1630214|1630217|203486|203924,1610612765.0,22000452
4,PT05M47.00S,05:47,Q4 05:47,4.216666666666667,576,freethrow,D. Bane Free Throw 1 of 1 (8 PTS),['fastbreak'],Bane,93,89,Made,False,False,1630217,,substitution,3pt missed,,,,1628367|1628372|1628960|1629630|1629634|1630180|1630214|1630217|203486|203924,1610612763.0,22000452
4,PT05M30.00S,05:30,Q4 05:30,4.5,577,3pt,MISS J. Grant 24' 3PT,[],Grant,93,89,Missed,True,False,203924,,freethrow,rebound,,,,1628367|1628372|1628960|1629630|1629634|1630180|1630214|1630217|203486|203924,1610612765.0,22000452
4,PT05M28.00S,05:28,Q4 05:28,4.533333333333333,578,rebound,D. Smith Jr. REBOUND (Off:1 Def:2),[],Smith Jr.,93,89,,False,False,1628372,,3pt missed,3pt missed,,,,1628367|1628372|1628960|1629630|1629634|1630180|1630214|1630217|203486|203924,1610612765.0,22000452
4,PT05M26.00S,05:26,Q4 05:26,4.566666666666666,579,3pt,MISS S. Bey 25' 3PT,['2ndchance'],Bey,93,89,Missed,True,False,1630180,,rebound,rebound,,,,1628367|1628372|1628960|1629630|1629634|1630180|1630214|1630217|203486|203924,1610612765.0,22000452
4,PT05M23.00S,05:23,Q4 05:23,4.616666666666666,580,rebound,X. Tillman REBOUND (Off:4 Def:2),[],Tillman,93,89,,False,False,1630214,,3pt missed,foul,,,,1628367|1628372|1628960|1629630|1629634|1630180|1630214|1630217|203486|203924,1610612763.0,22000452
4,PT05M15.00S,05:15,Q4 05:15,4.75,581,foul,D. Smith Jr. personal FOUL (3 PF),[],Smith Jr.,93,89,,False,False,1628372,,rebound,turnover,1629630.0,,,1628367|1628372|1628960|1629630|1629634|1630180|1630214|1630217|203486|203924,1610612765.0,22000452
4,PT05M15.00S,05:15,Q4 05:15,4.75,583,turnover,MEM 5-second-violation Team TURNOVER,['team'],,93,89,,False,False,0,,foul,turnover,,,,1628367|1628372|1628960|1629630|1629634|1630180|1630214|1630217|203486|203924,1610612763.0,22000452
4,PT05M04.00S,05:04,Q4 05:04,4.933333333333334,584,turnover,J. Jackson lost ball TURNOVER (3 TO),[],Jackson,93,89,,False,False,1628367,,turnover,steal,,1629630.0,,1628367|1628372|1628960|1629630|1629634|1630180|1630214|1630217|203486|203924,1610612765.0,22000452
4,PT05M04.00S,05:04,Q4 05:04,4.933333333333334,585,steal,J. Morant STEAL (1 STL),[],Morant,93,89,,False,False,1629630,,turnover,2pt made,,,,1628367|1628372|1628960|1629630|1629634|1630180|1630214|1630217|203486|203924,1610612763.0,22000452
4,PT05M00.00S,05:00,Q4 05:00,5.0,586,2pt,D. Bane running Layup (10 PTS) (J. Morant 4 AST),"['pointsinthepaint', 'fromturnover', 'fastbreak']",Bane,95,89,Made,True,True,1630217,1629630.0,steal,timeout,,,,1628367|1628372|1628960|1629630|1629634|1630180|1630214|1630217|203486|203924,1610612763.0,22000452
4,PT04M57.00S,04:57,Q4 04:57,3.05,588,timeout,DET Timeout,"['team', 'mandatory']",,95,89,,False,False,0,,2pt made,substitution,,,,1628367|1628372|1628960|1629630|1629634|1630180|1630214|1630217|203486|203924,1610612765.0,22000452
4,PT04M57.00S,04:57,Q4 04:57,3.05,591,substitution,SUB out: J. Jackson,[],Jackson,95,89,,False,False,1628367,,timeout,substitution,,,,1628372|1628960|1629630|1629634|1630180|1630214|1630217|203486|203924,1610612765.0,22000452
4,PT04M57.00S,04:57,Q4 04:57,3.05,592,substitution,SUB in: W. Ellington,[],Ellington,95,89,,False,False,201961,,substitution,foul,,,,1628372|1628960|1629630|1629634|1630180|1630214|1630217|201961|203486|203924,1610612765.0,22000452
4,PT04M45.00S,04:45,Q4 04:45,3.25,593,foul,B. Clarke shooting personal FOUL (1 PF) (Grant 2 FT),['2freethrow'],Clarke,95,89,,False,False,1629634,,substitution,freethrow,203924.0,,,1628372|1628960|1629630|1629634|1630180|1630214|1630217|201961|203486|203924,1610612763.0,22000452
4,PT04M45.00S,04:45,Q4 04:45,3.25,595,freethrow,J. Grant Free Throw 1 of 2 (16 PTS),[],Grant,95,90,Made,False,False,203924,,foul,freethrow,,,,1628372|1628960|1629630|1629634|1630180|1630214|1630217|201961|203486|203924,1610612765.0,22000452
4,PT04M45.00S,04:45,Q4 04:45,3.25,596,freethrow,MISS J. Grant Free Throw 2 of 2,[],Grant,95,90,Missed,False,False,203924,,freethrow,rebound,,,,1628372|1628960|1629630|1629634|1630180|1630214|1630217|201961|203486|203924,1610612765.0,22000452
4,PT04M42.00S,04:42,Q4 04:42,3.3,597,rebound,X. Tillman REBOUND (Off:4 Def:3),[],Tillman,95,90,,False,False,1630214,,freethrow,2pt missed,,,,1628372|1628960|1629630|1629634|1630180|1630214|1630217|201961|203486|203924,1610612763.0,22000452
4,PT04M27.00S,04:27,Q4 04:27,3.55,598,2pt,MISS J. Morant 12' driving floating Shot,['pointsinthepaint'],Morant,95,90,Missed,True,False,1629630,,rebound,rebound,,,,1628372|1628960|1629630|1629634|1630180|1630214|1630217|201961|203486|203924,1610612763.0,22000452
4,PT04M25.00S,04:25,Q4 04:25,3.5833333333333335,599,rebound,X. Tillman REBOUND (Off:5 Def:3),[],Tillman,95,90,,False,False,1630214,,2pt missed,turnover,,,,1628372|1628960|1629630|1629634|1630180|1630214|1630217|201961|203486|203924,1610612763.0,22000452
4,PT04M25.00S,04:25,Q4 04:25,3.5833333333333335,600,turnover,X. Tillman lost ball out-of-bounds TURNOVER (1 TO),[],Tillman,95,90,,False,False,1630214,,rebound,turnover,,,,1628372|1628960|1629630|1629634|1630180|1630214|1630217|201961|203486|203924,1610612763.0,22000452
4,PT04M18.00S,04:18,Q4 04:18,3.7,601,turnover,J. Grant bad pass out-of-bounds TURNOVER (4 TO),[],Grant,95,90,,False,False,203924,,turnover,substitution,,,,1628372|1628960|1629630|1629634|1630180|1630214|1630217|201961|203486|203924,1610612765.0,22000452
4,PT04M18.00S,04:18,Q4 04:18,3.7,602,substitution,SUB out: X. Tillman,[],Tillman,95,90,,False,False,1630214,,turnover,substitution,,,,1628372|1628960|1629630|1629634|1630180|1630217|201961|203486|203924,1610612763.0,22000452
4,PT04M18.00S,04:18,Q4 04:18,3.7,603,substitution,SUB in: J. Valanciunas,[],Valanciunas,95,90,,False,False,202685,,substitution,substitution,,,,1628372|1628960|1629630|1629634|1630180|1630217|201961|202685|203486|203924,1610612763.0,22000452
4,PT04M18.00S,04:18,Q4 04:18,3.7,604,substitution,SUB out: D. Bane,[],Bane,95,90,,False,False,1630217,,substitution,substitution,,,,1628372|1628960|1629630|1629634|1630180|201961|202685|203486|203924,1610612763.0,22000452
4,PT04M18.00S,04:18,Q4 04:18,3.7,605,substitution,SUB in: K. Anderson,[],Anderson,95,90,,False,False,203937,,substitution,2pt made,,,,1628372|1628960|1629630|1629634|1630180|201961|202685|203486|203924|203937,1610612763.0,22000452
4,PT03M58.00S,03:58,Q4 03:58,2.033333333333333,606,2pt,K. Anderson 23' Jump Shot (12 PTS),['fromturnover'],Anderson,97,90,Made,True,False,203937,,substitution,2pt missed,,,,1628372|1628960|1629630|1629634|1630180|201961|202685|203486|203924|203937,1610612763.0,22000452
4,PT03M44.00S,03:44,Q4 03:44,2.2666666666666666,607,2pt,MISS D. Smith Jr. 17' pullup Shot,[],Smith Jr.,97,90,Missed,True,False,1628372,,2pt made,rebound,,,,1628372|1628960|1629630|1629634|1630180|201961|202685|203486|203924|203937,1610612765.0,22000452
4,PT03M42.00S,03:42,Q4 03:42,2.3,608,rebound,B. Clarke REBOUND (Off:1 Def:6),[],Clarke,97,90,,False,False,1629634,,2pt missed,foul,,,,1628372|1628960|1629630|1629634|1630180|201961|202685|203486|203924|203937,1610612763.0,22000452
4,PT03M32.00S,03:32,Q4 03:32,2.466666666666667,609,foul,D. Smith Jr. shooting personal FOUL (4 PF) (Morant 2 FT),"['inpenalty', '2freethrow']",Smith Jr.,97,90,,False,False,1628372,,rebound,freethrow,1629630.0,,,1628372|1628960|1629630|1629634|1630180|201961|202685|203486|203924|203937,1610612765.0,22000452
4,PT03M32.00S,03:32,Q4 03:32,2.466666666666667,611,freethrow,J. Morant Free Throw 1 of 2 (22 PTS),[],Morant,98,90,Made,False,False,1629630,,foul,freethrow,,,,1628372|1628960|1629630|1629634|1630180|201961|202685|203486|203924|203937,1610612763.0,22000452
4,PT03M32.00S,03:32,Q4 03:32,2.466666666666667,612,freethrow,J. Morant Free Throw 2 of 2 (23 PTS),[],Morant,99,90,Made,False,False,1629630,,freethrow,2pt missed,,,,1628372|1628960|1629630|1629634|1630180|201961|202685|203486|203924|203937,1610612763.0,22000452
4,PT03M21.00S,03:21,Q4 03:21,2.65,613,2pt,MISS J. Grant 12' pullup Shot,['pointsinthepaint'],Grant,99,90,Missed,True,False,203924,,freethrow,rebound,,,,1628372|1628960|1629630|1629634|1630180|201961|202685|203486|203924|203937,1610612765.0,22000452
4,PT03M19.00S,03:19,Q4 03:19,2.6833333333333336,614,rebound,J. Morant REBOUND (Off:0 Def:3),[],Morant,99,90,,False,False,1629630,,2pt missed,foul,,,,1628372|1628960|1629630|1629634|1630180|201961|202685|203486|203924|203937,1610612763.0,22000452
4,PT03M17.00S,03:17,Q4 03:17,2.716666666666667,615,foul,M. Plumlee take personal FOUL (3 PF) (Morant 2 FT),"['inpenalty', '2freethrow']",Plumlee,99,90,,False,False,203486,,rebound,freethrow,1629630.0,,,1628372|1628960|1629630|1629634|1630180|201961|202685|203486|203924|203937,1610612765.0,22000452
4,PT03M17.00S,03:17,Q4 03:17,2.716666666666667,617,freethrow,J. Morant Free Throw 1 of 2 (24 PTS),[],Morant,100,90,Made,False,False,1629630,,foul,freethrow,,,,1628372|1628960|1629630|1629634|1630180|201961|202685|203486|203924|203937,1610612763.0,22000452
4,PT03M17.00S,03:17,Q4 03:17,2.716666666666667,618,freethrow,J. Morant Free Throw 2 of 2 (25 PTS),[],Morant,101,90,Made,False,False,1629630,,freethrow,turnover,,,,1628372|1628960|1629630|1629634|1630180|201961|202685|203486|203924|203937,1610612763.0,22000452
4,PT03M08.00S,03:08,Q4 03:08,2.8666666666666667,619,turnover,M. Plumlee bad pass out-of-bounds TURNOVER (6 TO),[],Plumlee,101,90,,False,False,203486,,freethrow,2pt made,,,,1628372|1628960|1629630|1629634|1630180|201961|202685|203486|203924|203937,1610612765.0,22000452
4,PT02M50.00S,02:50,Q4 02:50,1.1666666666666665,620,2pt,J. Morant 12' driving floating Jump Shot (27 PTS) (G. Allen 6 AST),"['pointsinthepaint', 'fromturnover']",Morant,103,90,Made,True,True,1629630,1628960.0,turnover,3pt missed,,,,1628372|1628960|1629630|1629634|1630180|201961|202685|203486|203924|203937,1610612763.0,22000452
4,PT02M28.00S,02:28,Q4 02:28,1.5333333333333332,621,3pt,MISS J. Grant 3PT,[],Grant,103,90,Missed,True,False,203924,,2pt made,rebound,,,,1628372|1628960|1629630|1629634|1630180|201961|202685|203486|203924|203937,1610612765.0,22000452
4,PT02M25.00S,02:25,Q4 02:25,1.5833333333333333,622,rebound,J. Valanciunas REBOUND (Off:6 Def:8),[],Valanciunas,103,90,,False,False,202685,,3pt missed,foul,,,,1628372|1628960|1629630|1629634|1630180|201961|202685|203486|203924|203937,1610612763.0,22000452
4,PT02M09.00S,02:09,Q4 02:09,1.85,624,foul,D. Smith Jr. personal FOUL (5 PF) (Morant 2 FT),"['inpenalty', '2freethrow']",Smith Jr.,103,90,,False,False,1628372,,rebound,freethrow,1629630.0,,,1628372|1628960|1629630|1629634|1630180|201961|202685|203486|203924|203937,1610612765.0,22000452
4,PT02M09.00S,02:09,Q4 02:09,1.85,626,freethrow,J. Morant Free Throw 1 of 2 (28 PTS),[],Morant,104,90,Made,False,False,1629630,,foul,freethrow,,,,1628372|1628960|1629630|1629634|1630180|201961|202685|203486|203924|203937,1610612763.0,22000452
4,PT02M09.00S,02:09,Q4 02:09,1.85,627,freethrow,J. Morant Free Throw 2 of 2 (29 PTS),[],Morant,105,90,Made,False,False,1629630,,freethrow,timeout,,,,1628372|1628960|1629630|1629634|1630180|201961|202685|203486|203924|203937,1610612763.0,22000452
4,PT02M09.00S,02:09,Q4 02:09,1.85,628,timeout,DET Timeout,['team'],,105,90,,False,False,0,,freethrow,foul,,,,1628372|1628960|1629630|1629634|1630180|201961|202685|203486|203924|203937,1610612765.0,22000452
4,PT02M03.00S,02:03,Q4 02:03,1.95,629,foul,G. Allen shooting personal FOUL (3 PF) (Ellington 3 FT),['3freethrow'],Allen,105,90,,False,False,1628960,,timeout,freethrow,201961.0,,,1628372|1628960|1629630|1629634|1630180|201961|202685|203486|203924|203937,1610612763.0,22000452
4,PT02M03.00S,02:03,Q4 02:03,1.95,631,freethrow,W. Ellington Free Throw 1 of 3 (8 PTS),[],Ellington,105,91,Made,False,False,201961,,foul,freethrow,,,,1628372|1628960|1629630|1629634|1630180|201961|202685|203486|203924|203937,1610612765.0,22000452
4,PT02M03.00S,02:03,Q4 02:03,1.95,632,freethrow,W. Ellington Free Throw 2 of 3 (9 PTS),[],Ellington,105,92,Made,False,False,201961,,freethrow,freethrow,,,,1628372|1628960|1629630|1629634|1630180|201961|202685|203486|203924|203937,1610612765.0,22000452
4,PT02M03.00S,02:03,Q4 02:03,1.95,633,freethrow,W. Ellington Free Throw 3 of 3 (10 PTS),[],Ellington,105,93,Made,False,False,201961,,freethrow,foul,,,,1628372|1628960|1629630|1629634|1630180|201961|202685|203486|203924|203937,1610612765.0,22000452
4,PT01M50.00S,01:50,Q4 01:50,0.16666666666666663,635,foul,M. Plumlee take personal FOUL (4 PF) (Anderson 2 FT),"['inpenalty', '2freethrow']",Plumlee,105,93,,False,False,203486,,freethrow,freethrow,203937.0,,,1628372|1628960|1629630|1629634|1630180|201961|202685|203486|203924|203937,1610612765.0,22000452
4,PT01M50.00S,01:50,Q4 01:50,0.16666666666666663,637,freethrow,K. Anderson Free Throw 1 of 2 (13 PTS),[],Anderson,106,93,Made,False,False,203937,,foul,freethrow,,,,1628372|1628960|1629630|1629634|1630180|201961|202685|203486|203924|203937,1610612763.0,22000452
4,PT01M50.00S,01:50,Q4 01:50,0.16666666666666663,638,freethrow,K. Anderson Free Throw 2 of 2 (14 PTS),[],Anderson,107,93,Made,False,False,203937,,freethrow,3pt missed,,,,1628372|1628960|1629630|1629634|1630180|201961|202685|203486|203924|203937,1610612763.0,22000452
4,PT01M35.00S,01:35,Q4 01:35,0.41666666666666663,639,3pt,MISS W. Ellington 26' pullup 3PT,[],Ellington,107,93,Missed,True,False,201961,,freethrow,rebound,,,,1628372|1628960|1629630|1629634|1630180|201961|202685|203486|203924|203937,1610612765.0,22000452
4,PT01M32.00S,01:32,Q4 01:32,0.4666666666666667,640,rebound,K. Anderson REBOUND (Off:0 Def:5),[],Anderson,107,93,,False,False,203937,,3pt missed,2pt missed,,,,1628372|1628960|1629630|1629634|1630180|201961|202685|203486|203924|203937,1610612763.0,22000452
4,PT01M12.00S,01:12,Q4 01:12,0.8,641,2pt,MISS J. Morant 12' driving floating Shot,['pointsinthepaint'],Morant,107,93,Missed,True,False,1629630,,rebound,rebound,,,,1628372|1628960|1629630|1629634|1630180|201961|202685|203486|203924|203937,1610612763.0,22000452
4,PT01M10.00S,01:10,Q4 01:10,0.8333333333333334,642,rebound,J. Valanciunas REBOUND (Off:7 Def:8),[],Valanciunas,107,93,,False,False,202685,,2pt missed,2pt missed,,,,1628372|1628960|1629630|1629634|1630180|201961|202685|203486|203924|203937,1610612763.0,22000452
4,PT01M09.00S,01:09,Q4 01:09,0.85,643,2pt,MISS J. Valanciunas putback Layup,"['pointsinthepaint', '2ndchance']",Valanciunas,107,93,Missed,True,False,202685,,rebound,rebound,,,,1628372|1628960|1629630|1629634|1630180|201961|202685|203486|203924|203937,1610612763.0,22000452
4,PT01M09.00S,01:09,Q4 01:09,0.85,644,rebound,D. Smith Jr. REBOUND (Off:1 Def:3),[],Smith Jr.,107,93,,False,False,1628372,,2pt missed,3pt missed,,,,1628372|1628960|1629630|1629634|1630180|201961|202685|203486|203924|203937,1610612765.0,22000452
4,PT01M00.00S,01:00,Q4 01:00,1.0,645,3pt,MISS W. Ellington 26' 3PT,[],Ellington,107,93,Missed,True,False,201961,,rebound,rebound,,,,1628372|1628960|1629630|1629634|1630180|201961|202685|203486|203924|203937,1610612765.0,22000452
4,PT00M58.10S,00:58,Q4 00:58,-0.9666666666666667,646,rebound,K. Anderson REBOUND (Off:0 Def:6),[],Anderson,107,93,,False,False,203937,,3pt missed,foul,,,,1628372|1628960|1629630|1629634|1630180|201961|202685|203486|203924|203937,1610612763.0,22000452
4,PT00M39.40S,00:39,Q4 00:39,-0.65,647,foul,S. Bey personal FOUL (4 PF) (Anderson 2 FT),"['inpenalty', '2freethrow']",Bey,107,93,,False,False,1630180,,rebound,freethrow,203937.0,,,1628372|1628960|1629630|1629634|1630180|201961|202685|203486|203924|203937,1610612765.0,22000452
4,PT00M39.40S,00:39,Q4 00:39,-0.65,649,freethrow,K. Anderson Free Throw 1 of 2 (15 PTS),[],Anderson,108,93,Made,False,False,203937,,foul,freethrow,,,,1628372|1628960|1629630|1629634|1630180|201961|202685|203486|203924|203937,1610612763.0,22000452
4,PT00M39.40S,00:39,Q4 00:39,-0.65,650,freethrow,K. Anderson Free Throw 2 of 2 (16 PTS),[],Anderson,109,93,Made,False,False,203937,,freethrow,timeout,,,,1628372|1628960|1629630|1629634|1630180|201961|202685|203486|203924|203937,1610612763.0,22000452
4,PT00M39.40S,00:39,Q4 00:39,-0.65,651,timeout,DET Timeout,['team'],,109,93,,False,False,0,,freethrow,substitution,,,,1628372|1628960|1629630|1629634|1630180|201961|202685|203486|203924|203937,1610612765.0,22000452
4,PT00M39.40S,00:39,Q4 00:39,-0.65,652,substitution,SUB out: G. Allen,[],Allen,109,93,,False,False,1628960,,timeout,substitution,,,,1628372|1629630|1629634|1630180|201961|202685|203486|203924|203937,1610612763.0,22000452
4,PT00M39.40S,00:39,Q4 00:39,-0.65,653,substitution,SUB out: J. Morant,[],Morant,109,93,,False,False,1629630,,substitution,substitution,,,,1628372|1629634|1630180|201961|202685|203486|203924|203937,1610612763.0,22000452
4,PT00M39.40S,00:39,Q4 00:39,-0.65,654,substitution,SUB out: B. Clarke,[],Clarke,109,93,,False,False,1629634,,substitution,substitution,,,,1628372|1630180|201961|202685|203486|203924|203937,1610612763.0,22000452
4,PT00M39.40S,00:39,Q4 00:39,-0.65,655,substitution,SUB out: K. Anderson,[],Anderson,109,93,,False,False,203937,,substitution,substitution,,,,1628372|1630180|201961|202685|203486|203924,1610612763.0,22000452
4,PT00M39.40S,00:39,Q4 00:39,-0.65,656,substitution,SUB out: J. Valanciunas,[],Valanciunas,109,93,,False,False,202685,,substitution,substitution,,,,1628372|1630180|201961|203486|203924,1610612763.0,22000452
4,PT00M39.40S,00:39,Q4 00:39,-0.65,657,substitution,SUB in: D. Bane,[],Bane,109,93,,False,False,1630217,,substitution,substitution,,,,1628372|1630180|1630217|201961|203486|203924,1610612763.0,22000452
4,PT00M39.40S,00:39,Q4 00:39,-0.65,658,substitution,SUB in: X. Tillman,[],Tillman,109,93,,False,False,1630214,,substitution,substitution,,,,1628372|1630180|1630214|1630217|201961|203486|203924,1610612763.0,22000452
4,PT00M39.40S,00:39,Q4 00:39,-0.65,659,substitution,SUB in: S. McDermott,[],McDermott,109,93,,False,False,1630253,,substitution,substitution,,,,1628372|1630180|1630214|1630217|1630253|201961|203486|203924,1610612763.0,22000452
4,PT00M39.40S,00:39,Q4 00:39,-0.65,660,substitution,SUB in: D. Melton,[],Melton,109,93,,False,False,1629001,,substitution,substitution,,,,1628372|1629001|1630180|1630214|1630217|1630253|201961|203486|203924,1610612763.0,22000452
4,PT00M39.40S,00:39,Q4 00:39,-0.65,661,substitution,SUB in: T. Jones,[],Jones,109,93,,False,False,1626145,,substitution,2pt made,,,,1626145|1628372|1629001|1630180|1630214|1630217|1630253|201961|203486|203924,1610612763.0,22000452
4,PT00M29.00S,00:29,Q4 00:29,-0.48333333333333334,662,2pt,M. Plumlee turnaround bank Jump Shot (10 PTS) (W. Ellington 5 AST),['pointsinthepaint'],Plumlee,109,95,Made,True,True,203486,201961.0,substitution,turnover,,,,1626145|1628372|1629001|1630180|1630214|1630217|1630253|201961|203486|203924,1610612765.0,22000452
4,PT00M05.00S,00:05,Q4 00:05,-0.08333333333333333,664,turnover,MEM shot clock Team TURNOVER,['team'],,109,95,,False,False,0,,2pt made,,,,,1626145|1628372|1629001|1630180|1630214|1630217|1630253|201961|203486|203924,1610612763.0,22000452
