period,clock,clock_display,game_clock,minutes_left_in_game,actionNumber,actionType,description,qualifier,playerName,scoreHome,scoreAway,shotResult,isFieldGoal,assisted,person_id,assister_id,previous_action,next_action,foulDrawnPersonId,stealPersonId,blockPersonId,players_on,teamId,game_id
1,PT11M34.00S,11:34,Q1 11:34,46.43333333333333,10,3pt,MISS D. Hunter 25' 3PT,[],Hunter,0,0,Missed,True,False,1629631,,,rebound,,,,1627749|1627823|1627832|1628381|1628384|1629027|1629631|1630567|201152|203991,1610612737.0,22200235
1,PT11M33.00S,11:33,Q1 11:33,46.45,11,rebound,TEAM defensive REBOUND,['team'],,0,0,,False,False,0,,3pt missed,3pt missed,,,,1627749|1627823|1627832|1628381|1628384|1629027|1629631|1630567|201152|203991,1610612761.0,22200235
1,PT11M20.00S,11:20,Q1 11:20,46.666666666666664,13,3pt,MISS J. Hernangomez 25' 3PT - blocked,[],Hernangomez,0,0,Missed,True,False,1627823,,rebound,block,,,1629027.0,1627749|1627823|1627832|1628381|1628384|1629027|1629631|1630567|201152|203991,1610612761.0,22200235
1,PT11M20.00S,11:20,Q1 11:20,46.666666666666664,14,block,T. Young BLOCK (1 BLK),[],Young,0,0,,False,False,1629027,,3pt missed,rebound,,,,1627749|1627823|1627832|1628381|1628384|1629027|1629631|1630567|201152|203991,1610612737.0,22200235
1,PT11M15.00S,11:15,Q1 11:15,46.75,15,rebound,J. Collins REBOUND (Off:0 Def:1),[],Collins,0,0,,False,False,1628381,,block,2pt made,,,,1627749|1627823|1627832|1628381|1628384|1629027|1629631|1630567|201152|203991,1610612737.0,22200235
1,PT11M14.00S,11:14,Q1 11:14,46.766666666666666,16,2pt,T. Young running Layup (2 PTS) (J. Collins 1 AST),"['pointsinthepaint', 'fastbreak']",Young,2,0,Made,True,True,1629027,1628381.0,rebound,2pt missed,,,,1627749|1627823|1627832|1628381|1628384|1629027|1629631|1630567|201152|203991,1610612737.0,22200235
1,PT10M55.00S,10:55,Q1 10:55,45.083333333333336,18,2pt,MISS T. Young Layup - blocked,['pointsinthepaint'],Young,2,0,Missed,True,False,201152,,2pt made,block,,,203991.0,1627749|1627823|1627832|1628381|1628384|1629027|1629631|1630567|201152|203991,1610612761.0,22200235
1,PT10M55.00S,10:55,Q1 10:55,45.083333333333336,19,block,C. Capela BLOCK (1 BLK),[],Capela,2,0,,False,False,203991,,2pt missed,rebound,,,,1627749|1627823|1627832|1628381|1628384|1629027|1629631|1630567|201152|203991,1610612737.0,22200235
1,PT10M52.00S,10:52,Q1 10:52,45.13333333333333,20,rebound,J. Hernangomez REBOUND (Off:1 Def:0),[],Hernangomez,2,0,,False,False,1627823,,block,2pt made,,,,1627749|1627823|1627832|1628381|1628384|1629027|1629631|1630567|201152|203991,1610612761.0,22200235
1,PT10M51.00S,10:51,Q1 10:51,45.15,21,2pt,J. Hernangomez floating Jump Shot (2 PTS),"['pointsinthepaint', '2ndchance']",Hernangomez,2,2,Made,True,False,1627823,,rebound,turnover,,,,1627749|1627823|1627832|1628381|1628384|1629027|1629631|1630567|201152|203991,1610612761.0,22200235
1,PT10M38.00S,10:38,Q1 10:38,45.36666666666667,22,turnover,J. Collins bad pass TURNOVER (1 TO),[],Collins,2,2,,False,False,1628381,,2pt made,steal,,201152.0,,1627749|1627823|1627832|1628381|1628384|1629027|1629631|1630567|201152|203991,1610612737.0,22200235
1,PT10M38.00S,10:38,Q1 10:38,45.36666666666667,23,steal,T. Young STEAL (1 STL),[],Young,2,2,,False,False,201152,,turnover,2pt made,,,,1627749|1627823|1627832|1628381|1628384|1629027|1629631|1630567|201152|203991,1610612761.0,22200235
1,PT10M34.00S,10:34,Q1 10:34,45.43333333333333,24,2pt,J. Hernangomez running DUNK (4 PTS) (T. Young 1 AST),"['fastbreak', 'pointsinthepaint', 'fromturnover']",Hernangomez,2,4,Made,True,True,1627823,201152.0,steal,turnover,,,,1627749|1627823|1627832|1628381|1628384|1629027|1629631|1630567|201152|203991,1610612761.0,22200235
1,PT10M17.00S,10:17,Q1 10:17,45.71666666666667,26,turnover,T. Young bad pass TURNOVER (1 TO),[],Young,2,4,,False,False,1629027,,2pt made,steal,,1627823.0,,1627749|1627823|1627832|1628381|1628384|1629027|1629631|1630567|201152|203991,1610612737.0,22200235
1,PT10M17.00S,10:17,Q1 10:17,45.71666666666667,27,steal,J. Hernangomez STEAL (1 STL),[],Hernangomez,2,4,,False,False,1627823,,turnover,2pt missed,,,,1627749|1627823|1627832|1628381|1628384|1629027|1629631|1630567|201152|203991,1610612761.0,22200235
1,PT09M55.00S,09:55,Q1 09:55,44.083333333333336,28,2pt,MISS O. Anunoby 18' pullup Shot,['fromturnover'],Anunoby,2,4,Missed,True,False,1628384,,steal,rebound,,,,1627749|1627823|1627832|1628381|1628384|1629027|1629631|1630567|201152|203991,1610612761.0,22200235
1,PT09M51.00S,09:51,Q1 09:51,44.15,29,rebound,D. Hunter REBOUND (Off:0 Def:1),[],Hunter,2,4,,False,False,1629631,,2pt missed,3pt made,,,,1627749|1627823|1627832|1628381|1628384|1629027|1629631|1630567|201152|203991,1610612737.0,22200235
1,PT09M39.00S,09:39,Q1 09:39,44.35,30,3pt,D. Murray 25' 3PT  (3 PTS) (J. Collins 2 AST),[],Murray,5,4,Made,True,True,1627749,1628381.0,rebound,2pt made,,,,1627749|1627823|1627832|1628381|1628384|1629027|1629631|1630567|201152|203991,1610612737.0,22200235
1,PT09M24.00S,09:24,Q1 09:24,44.6,32,2pt,J. Hernangomez Layup (6 PTS),['pointsinthepaint'],Hernangomez,5,6,Made,True,False,1627823,,3pt made,2pt made,,,,1627749|1627823|1627832|1628381|1628384|1629027|1629631|1630567|201152|203991,1610612761.0,22200235
1,PT09M15.00S,09:15,Q1 09:15,44.75,33,2pt,T. Young driving reverse Layup (4 PTS),['pointsinthepaint'],Young,7,6,Made,True,False,1629027,,2pt made,2pt missed,,,,1627749|1627823|1627832|1628381|1628384|1629027|1629631|1630567|201152|203991,1610612737.0,22200235
1,PT09M07.00S,09:07,Q1 09:07,44.88333333333333,34,2pt,MISS S. Barnes 18' pullup Shot,[],Barnes,7,6,Missed,True,False,1630567,,2pt made,rebound,,,,1627749|1627823|1627832|1628381|1628384|1629027|1629631|1630567|201152|203991,1610612761.0,22200235
1,PT09M04.00S,09:04,Q1 09:04,44.93333333333333,35,rebound,D. Murray REBOUND (Off:0 Def:1),[],Murray,7,6,,False,False,1627749,,2pt missed,3pt missed,,,,1627749|1627823|1627832|1628381|1628384|1629027|1629631|1630567|201152|203991,1610612737.0,22200235
1,PT08M59.00S,08:59,Q1 08:59,43.016666666666666,36,3pt,MISS D. Hunter running 3PT,['fastbreak'],Hunter,7,6,Missed,True,False,1629631,,rebound,rebound,,,,1627749|1627823|1627832|1628381|1628384|1629027|1629631|1630567|201152|203991,1610612737.0,22200235
1,PT08M54.00S,08:54,Q1 08:54,43.1,37,rebound,C. Capela REBOUND (Off:1 Def:0),[],Capela,7,6,,False,False,203991,,3pt missed,2pt missed,,,,1627749|1627823|1627832|1628381|1628384|1629027|1629631|1630567|201152|203991,1610612737.0,22200235
1,PT08M54.00S,08:54,Q1 08:54,43.1,38,2pt,MISS C. Capela tip Layup,"['pointsinthepaint', '2ndchance']",Capela,7,6,Missed,True,False,203991,,rebound,rebound,,,,1627749|1627823|1627832|1628381|1628384|1629027|1629631|1630567|201152|203991,1610612737.0,22200235
1,PT08M53.00S,08:53,Q1 08:53,43.11666666666667,39,rebound,C. Capela REBOUND (Off:2 Def:0),[],Capela,7,6,,False,False,203991,,2pt missed,2pt missed,,,,1627749|1627823|1627832|1628381|1628384|1629027|1629631|1630567|201152|203991,1610612737.0,22200235
1,PT08M53.00S,08:53,Q1 08:53,43.11666666666667,40,2pt,MISS C. Capela tip Layup,"['pointsinthepaint', '2ndchance']",Capela,7,6,Missed,True,False,203991,,rebound,rebound,,,,1627749|1627823|1627832|1628381|1628384|1629027|1629631|1630567|201152|203991,1610612737.0,22200235
1,PT08M52.00S,08:52,Q1 08:52,43.13333333333333,41,rebound,C. Capela REBOUND (Off:3 Def:0),[],Capela,7,6,,False,False,203991,,2pt missed,2pt made,,,,1627749|1627823|1627832|1628381|1628384|1629027|1629631|1630567|201152|203991,1610612737.0,22200235
1,PT08M52.00S,08:52,Q1 08:52,43.13333333333333,42,2pt,C. Capela tip Layup (2 PTS),"['pointsinthepaint', '2ndchance']",Capela,9,6,Made,True,False,203991,,rebound,3pt missed,,,,1627749|1627823|1627832|1628381|1628384|1629027|1629631|1630567|201152|203991,1610612737.0,22200235
1,PT08M36.00S,08:36,Q1 08:36,43.4,43,3pt,MISS O. Anunoby 24' 3PT,[],Anunoby,9,6,Missed,True,False,1628384,,2pt made,rebound,,,,1627749|1627823|1627832|1628381|1628384|1629027|1629631|1630567|201152|203991,1610612761.0,22200235
1,PT08M33.00S,08:33,Q1 08:33,43.45,44,rebound,D. Murray REBOUND (Off:0 Def:2),[],Murray,9,6,,False,False,1627749,,3pt missed,2pt made,,,,1627749|1627823|1627832|1628381|1628384|1629027|1629631|1630567|201152|203991,1610612737.0,22200235
1,PT08M28.00S,08:28,Q1 08:28,43.53333333333333,45,2pt,C. Capela alley-oop DUNK (4 PTS) (T. Young 1 AST),['pointsinthepaint'],Capela,11,6,Made,True,True,203991,1629027.0,rebound,2pt missed,,,,1627749|1627823|1627832|1628381|1628384|1629027|1629631|1630567|201152|203991,1610612737.0,22200235
1,PT08M03.00S,08:03,Q1 08:03,43.95,48,2pt,MISS O. Anunoby driving Layup,['pointsinthepaint'],Anunoby,11,6,Missed,True,False,1628384,,2pt made,rebound,,,,1627749|1627823|1627832|1628381|1628384|1629027|1629631|1630567|201152|203991,1610612761.0,22200235
1,PT08M01.00S,08:01,Q1 08:01,43.983333333333334,49,rebound,J. Collins REBOUND (Off:0 Def:2),[],Collins,11,6,,False,False,1628381,,2pt missed,turnover,,,,1627749|1627823|1627832|1628381|1628384|1629027|1629631|1630567|201152|203991,1610612737.0,22200235
1,PT07M54.00S,07:54,Q1 07:54,42.1,50,turnover,D. Murray bad pass TURNOVER (1 TO),[],Murray,11,6,,False,False,1627749,,rebound,steal,,1627823.0,,1627749|1627823|1627832|1628381|1628384|1629027|1629631|1630567|201152|203991,1610612737.0,22200235
1,PT07M54.00S,07:54,Q1 07:54,42.1,51,steal,J. Hernangomez STEAL (2 STL),[],Hernangomez,11,6,,False,False,1627823,,turnover,2pt made,,,,1627749|1627823|1627832|1628381|1628384|1629027|1629631|1630567|201152|203991,1610612761.0,22200235
1,PT07M47.00S,07:47,Q1 07:47,42.21666666666667,52,2pt,O. Anunoby running DUNK (2 PTS) (F. VanVleet 1 AST),"['fastbreak', 'pointsinthepaint', 'fromturnover']",Anunoby,11,8,Made,True,True,1628384,1627832.0,steal,2pt missed,,,,1627749|1627823|1627832|1628381|1628384|1629027|1629631|1630567|201152|203991,1610612761.0,22200235
1,PT07M34.00S,07:34,Q1 07:34,42.43333333333333,54,2pt,MISS T. Young driving floating bank Shot,['pointsinthepaint'],Young,11,8,Missed,True,False,1629027,,2pt made,rebound,,,,1627749|1627823|1627832|1628381|1628384|1629027|1629631|1630567|201152|203991,1610612737.0,22200235
1,PT07M34.00S,07:34,Q1 07:34,42.43333333333333,55,rebound,T. Young REBOUND (Off:0 Def:1),[],Young,11,8,,False,False,201152,,2pt missed,2pt made,,,,1627749|1627823|1627832|1628381|1628384|1629027|1629631|1630567|201152|203991,1610612761.0,22200235
1,PT07M24.00S,07:24,Q1 07:24,42.6,56,2pt,F. VanVleet driving Layup (2 PTS),['pointsinthepaint'],VanVleet,11,10,Made,True,False,1627832,,rebound,foul,,,,1627749|1627823|1627832|1628381|1628384|1629027|1629631|1630567|201152|203991,1610612761.0,22200235
1,PT07M06.00S,07:06,Q1 07:06,42.9,58,foul,J. Hernangomez shooting personal FOUL (1 PF) (Hunter 2 FT),['2freethrow'],Hernangomez,11,10,,False,False,1627823,,2pt made,freethrow,1629631.0,,,1627749|1627823|1627832|1628381|1628384|1629027|1629631|1630567|201152|203991,1610612761.0,22200235
1,PT07M06.00S,07:06,Q1 07:06,42.9,60,freethrow,D. Hunter Free Throw 1 of 2 (1 PTS),[],Hunter,12,10,Made,False,False,1629631,,foul,substitution,,,,1627749|1627823|1627832|1628381|1628384|1629027|1629631|1630567|201152|203991,1610612737.0,22200235
1,PT07M06.00S,07:06,Q1 07:06,42.9,61,substitution,SUB out: C. Capela,[],Capela,12,10,,False,False,203991,,freethrow,substitution,,,,1627749|1627823|1627832|1628381|1628384|1629027|1629631|1630567|201152,1610612737.0,22200235
1,PT07M06.00S,07:06,Q1 07:06,42.9,62,substitution,SUB in: O. Okongwu,[],Okongwu,12,10,,False,False,1630168,,substitution,freethrow,,,,1627749|1627823|1627832|1628381|1628384|1629027|1629631|1630168|1630567|201152,1610612737.0,22200235
1,PT07M06.00S,07:06,Q1 07:06,42.9,63,freethrow,D. Hunter Free Throw 2 of 2 (2 PTS),[],Hunter,13,10,Made,False,False,1629631,,substitution,3pt missed,,,,1627749|1627823|1627832|1628381|1628384|1629027|1629631|1630168|1630567|201152,1610612737.0,22200235
1,PT06M43.00S,06:43,Q1 06:43,41.28333333333333,64,3pt,MISS S. Barnes 25' step back 3PT,[],Barnes,13,10,Missed,True,False,1630567,,freethrow,rebound,,,,1627749|1627823|1627832|1628381|1628384|1629027|1629631|1630168|1630567|201152,1610612761.0,22200235
1,PT06M38.00S,06:38,Q1 06:38,41.36666666666667,65,rebound,D. Murray REBOUND (Off:0 Def:3),[],Murray,13,10,,False,False,1627749,,3pt missed,3pt missed,,,,1627749|1627823|1627832|1628381|1628384|1629027|1629631|1630168|1630567|201152,1610612737.0,22200235
1,PT06M32.00S,06:32,Q1 06:32,41.46666666666667,66,3pt,MISS J. Collins 25' 3PT,[],Collins,13,10,Missed,True,False,1628381,,rebound,rebound,,,,1627749|1627823|1627832|1628381|1628384|1629027|1629631|1630168|1630567|201152,1610612737.0,22200235
1,PT06M29.00S,06:29,Q1 06:29,41.516666666666666,67,rebound,J. Hernangomez REBOUND (Off:1 Def:1),[],Hernangomez,13,10,,False,False,1627823,,3pt missed,timeout,,,,1627749|1627823|1627832|1628381|1628384|1629027|1629631|1630168|1630567|201152,1610612761.0,22200235
1,PT06M24.00S,06:24,Q1 06:24,41.6,69,timeout,ATL Timeout,"['team', 'mandatory']",,13,10,,False,False,0,,rebound,substitution,,,,1627749|1627823|1627832|1628381|1628384|1629027|1629631|1630168|1630567|201152,1610612737.0,22200235
1,PT06M24.00S,06:24,Q1 06:24,41.6,73,substitution,SUB out: T. Young,[],Young,13,10,,False,False,1629027,,timeout,substitution,,,,1627749|1627823|1627832|1628381|1628384|1629631|1630168|1630567|201152,1610612737.0,22200235
1,PT06M24.00S,06:24,Q1 06:24,41.6,74,substitution,SUB in: A. Holiday,[],Holiday,13,10,,False,False,1628988,,substitution,turnover,,,,1627749|1627823|1627832|1628381|1628384|1628988|1629631|1630168|1630567|201152,1610612737.0,22200235
1,PT06M20.00S,06:20,Q1 06:20,41.666666666666664,75,turnover,O. Anunoby bad pass TURNOVER (1 TO),[],Anunoby,13,10,,False,False,1628384,,substitution,steal,,1627749.0,,1627749|1627823|1627832|1628381|1628384|1628988|1629631|1630168|1630567|201152,1610612761.0,22200235
1,PT06M20.00S,06:20,Q1 06:20,41.666666666666664,76,steal,D. Murray STEAL (1 STL),[],Murray,13,10,,False,False,1627749,,turnover,foul,,,,1627749|1627823|1627832|1628381|1628384|1628988|1629631|1630168|1630567|201152,1610612737.0,22200235
1,PT06M18.00S,06:18,Q1 06:18,41.7,77,foul,O. Anunoby shooting personal FOUL (1 PF) (Hunter 2 FT),['2freethrow'],Anunoby,13,10,,False,False,1628384,,steal,foul,1629631.0,,,1627749|1627823|1627832|1628381|1628384|1628988|1629631|1630168|1630567|201152,1610612761.0,22200235
1,PT06M18.00S,06:18,Q1 06:18,41.7,79,foul,F. VanVleet technical FOUL (1 Tech),['1freethrow'],VanVleet,13,10,,False,False,1627832,,foul,freethrow,,,,1627749|1627823|1627832|1628381|1628384|1628988|1629631|1630168|1630567|201152,1610612761.0,22200235
1,PT06M18.00S,06:18,Q1 06:18,41.7,80,freethrow,J. Collins technical Free Throw 1 of 1 (1 PTS),[],Collins,14,10,Made,False,False,1628381,,foul,freethrow,,,,1627749|1627823|1627832|1628381|1628384|1628988|1629631|1630168|1630567|201152,1610612737.0,22200235
1,PT06M18.00S,06:18,Q1 06:18,41.7,81,freethrow,D. Hunter Free Throw 1 of 2 (3 PTS),"['fromturnover', 'fastbreak']",Hunter,15,10,Made,False,False,1629631,,freethrow,freethrow,,,,1627749|1627823|1627832|1628381|1628384|1628988|1629631|1630168|1630567|201152,1610612737.0,22200235
1,PT06M18.00S,06:18,Q1 06:18,41.7,82,freethrow,D. Hunter Free Throw 2 of 2 (4 PTS),"['fromturnover', 'fastbreak']",Hunter,16,10,Made,False,False,1629631,,freethrow,3pt made,,,,1627749|1627823|1627832|1628381|1628384|1628988|1629631|1630168|1630567|201152,1610612737.0,22200235
1,PT06M01.00S,06:01,Q1 06:01,41.983333333333334,83,3pt,S. Barnes 3PT  (3 PTS) (F. VanVleet 2 AST),[],Barnes,16,13,Made,True,True,1630567,1627832.0,freethrow,3pt missed,,,,1627749|1627823|1627832|1628381|1628384|1628988|1629631|1630168|1630567|201152,1610612761.0,22200235
1,PT05M42.00S,05:42,Q1 05:42,40.3,85,3pt,MISS D. Murray 25' 3PT,[],Murray,16,13,Missed,True,False,1627749,,3pt made,rebound,,,,1627749|1627823|1627832|1628381|1628384|1628988|1629631|1630168|1630567|201152,1610612737.0,22200235
1,PT05M39.00S,05:39,Q1 05:39,40.35,86,rebound,F. VanVleet REBOUND (Off:0 Def:1),[],VanVleet,16,13,,False,False,1627832,,3pt missed,3pt missed,,,,1627749|1627823|1627832|1628381|1628384|1628988|1629631|1630168|1630567|201152,1610612761.0,22200235
1,PT05M30.00S,05:30,Q1 05:30,40.5,87,3pt,MISS F. VanVleet 24' step back 3PT,[],VanVleet,16,13,Missed,True,False,1627832,,rebound,rebound,,,,1627749|1627823|1627832|1628381|1628384|1628988|1629631|1630168|1630567|201152,1610612761.0,22200235
1,PT05M28.00S,05:28,Q1 05:28,40.53333333333333,88,rebound,D. Hunter REBOUND (Off:0 Def:2),[],Hunter,16,13,,False,False,1629631,,3pt missed,2pt missed,,,,1627749|1627823|1627832|1628381|1628384|1628988|1629631|1630168|1630567|201152,1610612737.0,22200235
1,PT05M21.00S,05:21,Q1 05:21,40.65,89,2pt,MISS D. Murray 18' pullup Shot,[],Murray,16,13,Missed,True,False,1627749,,rebound,rebound,,,,1627749|1627823|1627832|1628381|1628384|1628988|1629631|1630168|1630567|201152,1610612737.0,22200235
1,PT05M20.00S,05:20,Q1 05:20,40.666666666666664,90,rebound,TEAM defensive REBOUND,['team'],,16,13,,False,False,0,,2pt missed,substitution,,,,1627749|1627823|1627832|1628381|1628384|1628988|1629631|1630168|1630567|201152,1610612761.0,22200235
1,PT05M20.00S,05:20,Q1 05:20,40.666666666666664,92,substitution,SUB out: S. Barnes,[],Barnes,16,13,,False,False,1630567,,rebound,substitution,,,,1627749|1627823|1627832|1628381|1628384|1628988|1629631|1630168|201152,1610612761.0,22200235
1,PT05M20.00S,05:20,Q1 05:20,40.666666666666664,93,substitution,SUB out: T. Young,[],Young,16,13,,False,False,201152,,substitution,substitution,,,,1627749|1627823|1627832|1628381|1628384|1628988|1629631|1630168,1610612761.0,22200235
1,PT05M20.00S,05:20,Q1 05:20,40.666666666666664,94,substitution,SUB in: C. Koloko,[],Koloko,16,13,,False,False,1631132,,substitution,substitution,,,,1627749|1627823|1627832|1628381|1628384|1628988|1629631|1630168|1631132,1610612761.0,22200235
1,PT05M20.00S,05:20,Q1 05:20,40.666666666666664,95,substitution,SUB in: M. Flynn,[],Flynn,16,13,,False,False,1630201,,substitution,turnover,,,,1627749|1627823|1627832|1628381|1628384|1628988|1629631|1630168|1630201|1631132,1610612761.0,22200235
1,PT05M10.00S,05:10,Q1 05:10,40.833333333333336,96,turnover,F. VanVleet bad pass TURNOVER (1 TO),[],VanVleet,16,13,,False,False,1627832,,substitution,steal,,1627749.0,,1627749|1627823|1627832|1628381|1628384|1628988|1629631|1630168|1630201|1631132,1610612761.0,22200235
1,PT05M10.00S,05:10,Q1 05:10,40.833333333333336,97,steal,D. Murray STEAL (2 STL),[],Murray,16,13,,False,False,1627749,,turnover,2pt made,,,,1627749|1627823|1627832|1628381|1628384|1628988|1629631|1630168|1630201|1631132,1610612737.0,22200235
1,PT05M06.00S,05:06,Q1 05:06,40.9,98,2pt,D. Murray running DUNK (5 PTS),"['pointsinthepaint', 'fromturnover', 'fastbreak']",Murray,18,13,Made,True,False,1627749,,steal,foul,,,,1627749|1627823|1627832|1628381|1628384|1628988|1629631|1630168|1630201|1631132,1610612737.0,22200235
1,PT04M44.00S,04:44,Q1 04:44,39.266666666666666,99,foul,J. Collins shooting personal FOUL (1 PF) (VanVleet 2 FT),['2freethrow'],Collins,18,13,,False,False,1628381,,2pt made,freethrow,1627832.0,,,1627749|1627823|1627832|1628381|1628384|1628988|1629631|1630168|1630201|1631132,1610612737.0,22200235
1,PT04M44.00S,04:44,Q1 04:44,39.266666666666666,101,freethrow,F. VanVleet Free Throw 1 of 2 (3 PTS),[],VanVleet,18,14,Made,False,False,1627832,,foul,substitution,,,,1627749|1627823|1627832|1628381|1628384|1628988|1629631|1630168|1630201|1631132,1610612761.0,22200235
1,PT04M44.00S,04:44,Q1 04:44,39.266666666666666,102,substitution,SUB out: D. Murray,[],Murray,18,14,,False,False,1627749,,freethrow,substitution,,,,1627823|1627832|1628381|1628384|1628988|1629631|1630168|1630201|1631132,1610612737.0,22200235
1,PT04M44.00S,04:44,Q1 04:44,39.266666666666666,103,substitution,SUB out: O. Anunoby,[],Anunoby,18,14,,False,False,1628384,,substitution,substitution,,,,1627823|1627832|1628381|1628988|1629631|1630168|1630201|1631132,1610612761.0,22200235
1,PT04M44.00S,04:44,Q1 04:44,39.266666666666666,104,substitution,SUB in: T. Young,[],Young,18,14,,False,False,1629027,,substitution,substitution,,,,1627823|1627832|1628381|1628988|1629027|1629631|1630168|1630201|1631132,1610612737.0,22200235
1,PT04M44.00S,04:44,Q1 04:44,39.266666666666666,105,substitution,SUB in: S. Barnes,[],Barnes,18,14,,False,False,1630567,,substitution,freethrow,,,,1627823|1627832|1628381|1628988|1629027|1629631|1630168|1630201|1630567|1631132,1610612761.0,22200235
1,PT04M44.00S,04:44,Q1 04:44,39.266666666666666,106,freethrow,F. VanVleet Free Throw 2 of 2 (4 PTS),[],VanVleet,18,15,Made,False,False,1627832,,substitution,turnover,,,,1627823|1627832|1628381|1628988|1629027|1629631|1630168|1630201|1630567|1631132,1610612761.0,22200235
1,PT04M22.00S,04:22,Q1 04:22,39.63333333333333,107,turnover,J. Collins bad pass TURNOVER (2 TO),[],Collins,18,15,,False,False,1628381,,freethrow,steal,,1630201.0,,1627823|1627832|1628381|1628988|1629027|1629631|1630168|1630201|1630567|1631132,1610612737.0,22200235
1,PT04M22.00S,04:22,Q1 04:22,39.63333333333333,108,steal,M. Flynn STEAL (1 STL),[],Flynn,18,15,,False,False,1630201,,turnover,2pt missed,,,,1627823|1627832|1628381|1628988|1629027|1629631|1630168|1630201|1630567|1631132,1610612761.0,22200235
1,PT04M17.00S,04:17,Q1 04:17,39.71666666666667,109,2pt,MISS M. Flynn running Layup,"['fastbreak', 'pointsinthepaint', 'fromturnover']",Flynn,18,15,Missed,True,False,1630201,,steal,rebound,,,,1627823|1627832|1628381|1628988|1629027|1629631|1630168|1630201|1630567|1631132,1610612761.0,22200235
1,PT04M13.00S,04:13,Q1 04:13,39.78333333333333,110,rebound,F. VanVleet REBOUND (Off:1 Def:1),[],VanVleet,18,15,,False,False,1627832,,2pt missed,3pt missed,,,,1627823|1627832|1628381|1628988|1629027|1629631|1630168|1630201|1630567|1631132,1610612761.0,22200235
1,PT04M08.00S,04:08,Q1 04:08,39.86666666666667,111,3pt,MISS J. Hernangomez 26' 3PT,"['fromturnover', '2ndchance']",Hernangomez,18,15,Missed,True,False,1627823,,rebound,rebound,,,,1627823|1627832|1628381|1628988|1629027|1629631|1630168|1630201|1630567|1631132,1610612761.0,22200235
1,PT04M04.00S,04:04,Q1 04:04,39.93333333333333,112,rebound,J. Collins REBOUND (Off:0 Def:3),[],Collins,18,15,,False,False,1628381,,3pt missed,3pt missed,,,,1627823|1627832|1628381|1628988|1629027|1629631|1630168|1630201|1630567|1631132,1610612737.0,22200235
1,PT03M55.00S,03:55,Q1 03:55,38.083333333333336,113,3pt,MISS T. Young 27' pullup 3PT,[],Young,18,15,Missed,True,False,1629027,,rebound,rebound,,,,1627823|1627832|1628381|1628988|1629027|1629631|1630168|1630201|1630567|1631132,1610612737.0,22200235
1,PT03M51.00S,03:51,Q1 03:51,38.15,114,rebound,S. Barnes REBOUND (Off:0 Def:1),[],Barnes,18,15,,False,False,1630567,,3pt missed,3pt made,,,,1627823|1627832|1628381|1628988|1629027|1629631|1630168|1630201|1630567|1631132,1610612761.0,22200235
1,PT03M45.00S,03:45,Q1 03:45,38.25,115,3pt,M. Flynn 3PT  (3 PTS) (S. Barnes 1 AST),[],Flynn,18,18,Made,True,True,1630201,1630567.0,rebound,2pt made,,,,1627823|1627832|1628381|1628988|1629027|1629631|1630168|1630201|1630567|1631132,1610612761.0,22200235
1,PT03M30.00S,03:30,Q1 03:30,38.5,117,2pt,T. Young 9' driving floating Jump Shot (6 PTS),['pointsinthepaint'],Young,20,18,Made,True,False,1629027,,3pt made,substitution,,,,1627823|1627832|1628381|1628988|1629027|1629631|1630168|1630201|1630567|1631132,1610612737.0,22200235
1,PT03M16.00S,03:16,Q1 03:16,38.733333333333334,119,substitution,SUB out: D. Hunter,[],Hunter,20,18,,False,False,1629631,,2pt made,substitution,,,,1627823|1627832|1628381|1628988|1629027|1630168|1630201|1630567|1631132,1610612737.0,22200235
1,PT03M16.00S,03:16,Q1 03:16,38.733333333333334,120,substitution,SUB out: O. Okongwu,[],Okongwu,20,18,,False,False,1630168,,substitution,substitution,,,,1627823|1627832|1628381|1628988|1629027|1630201|1630567|1631132,1610612737.0,22200235
1,PT03M16.00S,03:16,Q1 03:16,38.733333333333334,121,substitution,SUB out: J. Collins,[],Collins,20,18,,False,False,1628381,,substitution,substitution,,,,1627823|1627832|1628988|1629027|1630201|1630567|1631132,1610612737.0,22200235
1,PT03M16.00S,03:16,Q1 03:16,38.733333333333334,122,substitution,SUB out: J. Hernangomez,[],Hernangomez,20,18,,False,False,1627823,,substitution,substitution,,,,1627832|1628988|1629027|1630201|1630567|1631132,1610612761.0,22200235
1,PT03M16.00S,03:16,Q1 03:16,38.733333333333334,123,substitution,SUB in: A. Griffin,[],Griffin,20,18,,False,False,1631100,,substitution,substitution,,,,1627832|1628988|1629027|1630201|1630567|1631100|1631132,1610612737.0,22200235
1,PT03M16.00S,03:16,Q1 03:16,38.733333333333334,124,substitution,SUB in: C. Capela,[],Capela,20,18,,False,False,203991,,substitution,substitution,,,,1627832|1628988|1629027|1630201|1630567|1631100|1631132|203991,1610612737.0,22200235
1,PT03M16.00S,03:16,Q1 03:16,38.733333333333334,125,substitution,SUB in: J. Johnson,[],Johnson,20,18,,False,False,1630552,,substitution,substitution,,,,1627832|1628988|1629027|1630201|1630552|1630567|1631100|1631132|203991,1610612737.0,22200235
1,PT03M16.00S,03:16,Q1 03:16,38.733333333333334,126,substitution,SUB in: O. Anunoby,[],Anunoby,20,18,,False,False,1628384,,substitution,3pt missed,,,,1627832|1628384|1628988|1629027|1630201|1630552|1630567|1631100|1631132|203991,1610612761.0,22200235
1,PT03M06.00S,03:06,Q1 03:06,38.9,127,3pt,MISS F. VanVleet 25' pullup 3PT,[],VanVleet,20,18,Missed,True,False,1627832,,substitution,rebound,,,,1627832|1628384|1628988|1629027|1630201|1630552|1630567|1631100|1631132|203991,1610612761.0,22200235
1,PT03M02.00S,03:02,Q1 03:02,38.96666666666667,128,rebound,A. Holiday REBOUND (Off:0 Def:1),[],Holiday,20,18,,False,False,1628988,,3pt missed,turnover,,,,1627832|1628384|1628988|1629027|1630201|1630552|1630567|1631100|1631132|203991,1610612737.0,22200235
1,PT02M58.00S,02:58,Q1 02:58,37.03333333333333,129,turnover,A. Holiday bad pass TURNOVER (1 TO),[],Holiday,20,18,,False,False,1628988,,rebound,steal,,1628384.0,,1627832|1628384|1628988|1629027|1630201|1630552|1630567|1631100|1631132|203991,1610612737.0,22200235
1,PT02M58.00S,02:58,Q1 02:58,37.03333333333333,130,steal,O. Anunoby STEAL (1 STL),[],Anunoby,20,18,,False,False,1628384,,turnover,2pt made,,,,1627832|1628384|1628988|1629027|1630201|1630552|1630567|1631100|1631132|203991,1610612761.0,22200235
1,PT02M54.00S,02:54,Q1 02:54,37.1,131,2pt,F. VanVleet running Layup (6 PTS) (O. Anunoby 1 AST),"['pointsinthepaint', 'fromturnover', 'fastbreak']",VanVleet,20,20,Made,True,True,1627832,1628384.0,steal,3pt made,,,,1627832|1628384|1628988|1629027|1630201|1630552|1630567|1631100|1631132|203991,1610612761.0,22200235
1,PT02M39.00S,02:39,Q1 02:39,37.35,133,3pt,A. Griffin 25' 3PT  (3 PTS) (C. Capela 1 AST),[],Griffin,23,20,Made,True,True,1631100,203991.0,2pt made,turnover,,,,1627832|1628384|1628988|1629027|1630201|1630552|1630567|1631100|1631132|203991,1610612737.0,22200235
1,PT02M25.00S,02:25,Q1 02:25,37.583333333333336,135,turnover,O. Anunoby lost ball TURNOVER (2 TO),[],Anunoby,23,20,,False,False,1628384,,3pt made,steal,,1631100.0,,1627832|1628384|1628988|1629027|1630201|1630552|1630567|1631100|1631132|203991,1610612761.0,22200235
1,PT02M25.00S,02:25,Q1 02:25,37.583333333333336,136,steal,A. Griffin STEAL (1 STL),[],Griffin,23,20,,False,False,1631100,,turnover,turnover,,,,1627832|1628384|1628988|1629027|1630201|1630552|1630567|1631100|1631132|203991,1610612737.0,22200235
1,PT02M22.00S,02:22,Q1 02:22,37.63333333333333,137,turnover,J. Johnson lost ball TURNOVER (1 TO),[],Johnson,23,20,,False,False,1630552,,steal,steal,,1630567.0,,1627832|1628384|1628988|1629027|1630201|1630552|1630567|1631100|1631132|203991,1610612737.0,22200235
1,PT02M22.00S,02:22,Q1 02:22,37.63333333333333,138,steal,S. Barnes STEAL (1 STL),[],Barnes,23,20,,False,False,1630567,,turnover,3pt missed,,,,1627832|1628384|1628988|1629027|1630201|1630552|1630567|1631100|1631132|203991,1610612761.0,22200235
1,PT02M17.00S,02:17,Q1 02:17,37.71666666666667,139,3pt,MISS F. VanVleet 25' 3PT,['fromturnover'],VanVleet,23,20,Missed,True,False,1627832,,steal,rebound,,,,1627832|1628384|1628988|1629027|1630201|1630552|1630567|1631100|1631132|203991,1610612761.0,22200235
1,PT02M15.00S,02:15,Q1 02:15,37.75,140,rebound,C. Capela REBOUND (Off:3 Def:1),[],Capela,23,20,,False,False,203991,,3pt missed,foul,,,,1627832|1628384|1628988|1629027|1630201|1630552|1630567|1631100|1631132|203991,1610612737.0,22200235
1,PT02M10.00S,02:10,Q1 02:10,37.833333333333336,141,foul,C. Koloko shooting personal FOUL (1 PF) (Young 2 FT),['2freethrow'],Koloko,23,20,,False,False,1631132,,rebound,timeout,1629027.0,,,1627832|1628384|1628988|1629027|1630201|1630552|1630567|1631100|1631132|203991,1610612761.0,22200235
1,PT02M10.00S,02:10,Q1 02:10,37.833333333333336,143,timeout,TOR Timeout,"['team', 'mandatory']",,23,20,,False,False,0,,foul,substitution,,,,1627832|1628384|1628988|1629027|1630201|1630552|1630567|1631100|1631132|203991,1610612761.0,22200235
1,PT02M10.00S,02:10,Q1 02:10,37.833333333333336,144,substitution,SUB out: F. VanVleet,[],VanVleet,23,20,,False,False,1627832,,timeout,substitution,,,,1628384|1628988|1629027|1630201|1630552|1630567|1631100|1631132|203991,1610612761.0,22200235
1,PT02M10.00S,02:10,Q1 02:10,37.833333333333336,145,substitution,SUB in: J. Dowtin Jr.,[],Dowtin Jr.,23,20,,False,False,1630288,,substitution,freethrow,,,,1628384|1628988|1629027|1630201|1630288|1630552|1630567|1631100|1631132|203991,1610612761.0,22200235
1,PT02M10.00S,02:10,Q1 02:10,37.833333333333336,146,freethrow,T. Young Free Throw 1 of 2 (7 PTS),['fastbreak'],Young,24,20,Made,False,False,1629027,,substitution,freethrow,,,,1628384|1628988|1629027|1630201|1630288|1630552|1630567|1631100|1631132|203991,1610612737.0,22200235
1,PT02M10.00S,02:10,Q1 02:10,37.833333333333336,147,freethrow,T. Young Free Throw 2 of 2 (8 PTS),['fastbreak'],Young,25,20,Made,False,False,1629027,,freethrow,turnover,,,,1628384|1628988|1629027|1630201|1630288|1630552|1630567|1631100|1631132|203991,1610612737.0,22200235
1,PT01M55.00S,01:55,Q1 01:55,36.083333333333336,148,turnover,O. Anunoby step out-of-bounds TURNOVER (3 TO),[],Anunoby,25,20,,False,False,1628384,,freethrow,2pt made,,,,1628384|1628988|1629027|1630201|1630288|1630552|1630567|1631100|1631132|203991,1610612761.0,22200235
1,PT01M40.00S,01:40,Q1 01:40,36.333333333333336,149,2pt,C. Capela cutting DUNK (6 PTS) (T. Young 2 AST),"['pointsinthepaint', 'fromturnover']",Capela,27,20,Made,True,True,203991,1629027.0,turnover,3pt made,,,,1628384|1628988|1629027|1630201|1630288|1630552|1630567|1631100|1631132|203991,1610612737.0,22200235
1,PT01M28.00S,01:28,Q1 01:28,36.53333333333333,151,3pt,M. Flynn 24' 3PT  (6 PTS) (S. Barnes 2 AST),[],Flynn,27,23,Made,True,True,1630201,1630567.0,2pt made,2pt missed,,,,1628384|1628988|1629027|1630201|1630288|1630552|1630567|1631100|1631132|203991,1610612761.0,22200235
1,PT01M06.00S,01:06,Q1 01:06,36.9,153,2pt,MISS T. Young driving floating Shot - blocked,['pointsinthepaint'],Young,27,23,Missed,True,False,1629027,,3pt made,block,,,1631132.0,1628384|1628988|1629027|1630201|1630288|1630552|1630567|1631100|1631132|203991,1610612737.0,22200235
1,PT01M06.00S,01:06,Q1 01:06,36.9,154,block,C. Koloko BLOCK (1 BLK),[],Koloko,27,23,,False,False,1631132,,2pt missed,rebound,,,,1628384|1628988|1629027|1630201|1630288|1630552|1630567|1631100|1631132|203991,1610612761.0,22200235
1,PT01M04.00S,01:04,Q1 01:04,36.93333333333333,155,rebound,C. Koloko REBOUND (Off:0 Def:1),[],Koloko,27,23,,False,False,1631132,,block,2pt made,,,,1628384|1628988|1629027|1630201|1630288|1630552|1630567|1631100|1631132|203991,1610612761.0,22200235
1,PT00M50.60S,00:50,Q1 00:50,35.166666666666664,157,2pt,O. Anunoby driving Layup (4 PTS) (C. Koloko 1 AST),['pointsinthepaint'],Anunoby,27,25,Made,True,True,1628384,1631132.0,rebound,foul,,,,1628384|1628988|1629027|1630201|1630288|1630552|1630567|1631100|1631132|203991,1610612761.0,22200235
1,PT00M50.60S,00:50,Q1 00:50,35.166666666666664,158,foul,C. Capela shooting personal FOUL (1 PF) (Anunoby 1 FT),['1freethrow'],Capela,27,25,,False,False,203991,,2pt made,freethrow,1628384.0,,,1628384|1628988|1629027|1630201|1630288|1630552|1630567|1631100|1631132|203991,1610612737.0,22200235
1,PT00M50.60S,00:50,Q1 00:50,35.166666666666664,160,freethrow,O. Anunoby Free Throw 1 of 1 (5 PTS),[],Anunoby,27,26,Made,False,False,1628384,,foul,2pt made,,,,1628384|1628988|1629027|1630201|1630288|1630552|1630567|1631100|1631132|203991,1610612761.0,22200235
1,PT00M32.60S,00:32,Q1 00:32,35.46666666666667,161,2pt,C. Capela DUNK (8 PTS) (A. Griffin 1 AST),['pointsinthepaint'],Capela,29,26,Made,True,True,203991,1631100.0,freethrow,3pt missed,,,,1628384|1628988|1629027|1630201|1630288|1630552|1630567|1631100|1631132|203991,1610612737.0,22200235
1,PT00M28.20S,00:28,Q1 00:28,35.53333333333333,163,3pt,MISS M. Flynn 24' pullup 3PT,[],Flynn,29,26,Missed,True,False,1630201,,2pt made,rebound,,,,1628384|1628988|1629027|1630201|1630288|1630552|1630567|1631100|1631132|203991,1610612761.0,22200235
1,PT00M25.20S,00:25,Q1 00:25,35.583333333333336,164,rebound,C. Koloko REBOUND (Off:1 Def:1),[],Koloko,29,26,,False,False,1631132,,3pt missed,2pt missed,,,,1628384|1628988|1629027|1630201|1630288|1630552|1630567|1631100|1631132|203991,1610612761.0,22200235
1,PT00M24.40S,00:24,Q1 00:24,35.6,165,2pt,MISS C. Koloko Layup - blocked,"['pointsinthepaint', '2ndchance']",Koloko,29,26,Missed,True,False,1631132,,rebound,block,,,203991.0,1628384|1628988|1629027|1630201|1630288|1630552|1630567|1631100|1631132|203991,1610612761.0,22200235
1,PT00M24.40S,00:24,Q1 00:24,35.6,166,block,C. Capela BLOCK (2 BLK),[],Capela,29,26,,False,False,203991,,2pt missed,rebound,,,,1628384|1628988|1629027|1630201|1630288|1630552|1630567|1631100|1631132|203991,1610612737.0,22200235
1,PT00M24.40S,00:24,Q1 00:24,35.6,167,rebound,S. Barnes REBOUND (Off:1 Def:1),[],Barnes,29,26,,False,False,1630567,,block,2pt made,,,,1628384|1628988|1629027|1630201|1630288|1630552|1630567|1631100|1631132|203991,1610612761.0,22200235
1,PT00M20.60S,00:20,Q1 00:20,35.666666666666664,168,2pt,O. Anunoby 9' floating Jump Shot (7 PTS) (S. Barnes 3 AST),"['pointsinthepaint', '2ndchance']",Anunoby,29,28,Made,True,True,1628384,1630567.0,rebound,foul,,,,1628384|1628988|1629027|1630201|1630288|1630552|1630567|1631100|1631132|203991,1610612761.0,22200235
1,PT00M15.00S,00:15,Q1 00:15,35.75,170,foul,S. Barnes personal FOUL (1 PF),[],Barnes,29,28,,False,False,1630567,,2pt made,substitution,1629027.0,,,1628384|1628988|1629027|1630201|1630288|1630552|1630567|1631100|1631132|203991,1610612761.0,22200235
1,PT00M15.00S,00:15,Q1 00:15,35.75,172,substitution,SUB out: J. Johnson,[],Johnson,29,28,,False,False,1630552,,foul,substitution,,,,1628384|1628988|1629027|1630201|1630288|1630567|1631100|1631132|203991,1610612737.0,22200235
1,PT00M15.00S,00:15,Q1 00:15,35.75,173,substitution,SUB in: D. Hunter,[],Hunter,29,28,,False,False,1629631,,substitution,2pt missed,,,,1628384|1628988|1629027|1629631|1630201|1630288|1630567|1631100|1631132|203991,1610612737.0,22200235
1,PT00M08.90S,00:08,Q1 00:08,35.86666666666667,174,2pt,MISS D. Hunter driving Layup,['pointsinthepaint'],Hunter,29,28,Missed,True,False,1629631,,substitution,rebound,,,,1628384|1628988|1629027|1629631|1630201|1630288|1630567|1631100|1631132|203991,1610612737.0,22200235
1,PT00M06.20S,00:06,Q1 00:06,35.9,175,rebound,C. Koloko REBOUND (Off:1 Def:2),[],Koloko,29,28,,False,False,1631132,,2pt missed,3pt made,,,,1628384|1628988|1629027|1629631|1630201|1630288|1630567|1631100|1631132|203991,1610612761.0,22200235
1,PT00M01.20S,00:01,Q1 00:01,35.983333333333334,176,3pt,S. Barnes 25' 3PT running pullup (6 PTS),['fastbreak'],Barnes,29,31,Made,True,False,1630567,,rebound,substitution,,,,1628384|1628988|1629027|1629631|1630201|1630288|1630567|1631100|1631132|203991,1610612761.0,22200235
2,PT12M00.00S,12:00,Q2 12:00,36.0,179,substitution,SUB out: T. Young,['startperiod'],Young,29,31,,False,False,1629027,,3pt made,substitution,,,,1628384|1628988|1629631|1630201|1630288|1630567|1631100|1631132|203991,1610612737.0,22200235
2,PT12M00.00S,12:00,Q2 12:00,36.0,180,substitution,SUB out: C. Capela,['startperiod'],Capela,29,31,,False,False,203991,,substitution,substitution,,,,1628384|1628988|1629631|1630201|1630288|1630567|1631100|1631132,1610612737.0,22200235
2,PT12M00.00S,12:00,Q2 12:00,36.0,181,substitution,SUB out: D. Hunter,['startperiod'],Hunter,29,31,,False,False,1629631,,substitution,substitution,,,,1628384|1628988|1630201|1630288|1630567|1631100|1631132,1610612737.0,22200235
2,PT12M00.00S,12:00,Q2 12:00,36.0,182,substitution,SUB out: O. Anunoby,['startperiod'],Anunoby,29,31,,False,False,1628384,,substitution,substitution,,,,1628988|1630201|1630288|1630567|1631100|1631132,1610612761.0,22200235
2,PT12M00.00S,12:00,Q2 12:00,36.0,183,substitution,SUB in: J. Johnson,['startperiod'],Johnson,29,31,,False,False,1630552,,substitution,substitution,,,,1628988|1630201|1630288|1630552|1630567|1631100|1631132,1610612737.0,22200235
2,PT12M00.00S,12:00,Q2 12:00,36.0,184,substitution,SUB in: D. Murray,['startperiod'],Murray,29,31,,False,False,1627749,,substitution,substitution,,,,1627749|1628988|1630201|1630288|1630552|1630567|1631100|1631132,1610612737.0,22200235
2,PT12M00.00S,12:00,Q2 12:00,36.0,185,substitution,SUB in: O. Okongwu,['startperiod'],Okongwu,29,31,,False,False,1630168,,substitution,substitution,,,,1627749|1628988|1630168|1630201|1630288|1630552|1630567|1631100|1631132,1610612737.0,22200235
2,PT12M00.00S,12:00,Q2 12:00,36.0,186,substitution,SUB in: T. Young,['startperiod'],Young,29,31,,False,False,201152,,substitution,2pt made,,,,1627749|1628988|1630168|1630201|1630288|1630552|1630567|1631100|1631132|201152,1610612761.0,22200235
2,PT11M48.00S,11:48,Q2 11:48,34.2,189,2pt,T. Young driving finger roll Layup (2 PTS),['pointsinthepaint'],Young,29,33,Made,True,False,201152,,substitution,2pt made,,,,1627749|1628988|1630168|1630201|1630288|1630552|1630567|1631100|1631132|201152,1610612761.0,22200235
2,PT11M31.00S,11:31,Q2 11:31,34.483333333333334,190,2pt,A. Griffin 12' driving floating Jump Shot (5 PTS) (D. Murray 1 AST),['pointsinthepaint'],Griffin,31,33,Made,True,True,1631100,1627749.0,2pt made,2pt made,,,,1627749|1628988|1630168|1630201|1630288|1630552|1630567|1631100|1631132|201152,1610612737.0,22200235
2,PT11M19.00S,11:19,Q2 11:19,34.68333333333333,192,2pt,M. Flynn 7' driving floating Jump Shot (8 PTS),['pointsinthepaint'],Flynn,31,35,Made,True,False,1630201,,2pt made,2pt missed,,,,1627749|1628988|1630168|1630201|1630288|1630552|1630567|1631100|1631132|201152,1610612761.0,22200235
2,PT11M07.00S,11:07,Q2 11:07,34.88333333333333,193,2pt,MISS O. Okongwu cutting Layup,['pointsinthepaint'],Okongwu,31,35,Missed,True,False,1630168,,2pt made,rebound,,,,1627749|1628988|1630168|1630201|1630288|1630552|1630567|1631100|1631132|201152,1610612737.0,22200235
2,PT11M04.00S,11:04,Q2 11:04,34.93333333333333,194,rebound,M. Flynn REBOUND (Off:0 Def:1),[],Flynn,31,35,,False,False,1630201,,2pt missed,2pt missed,,,,1627749|1628988|1630168|1630201|1630288|1630552|1630567|1631100|1631132|201152,1610612761.0,22200235
2,PT10M52.00S,10:52,Q2 10:52,33.13333333333333,195,2pt,MISS S. Barnes driving Layup,['pointsinthepaint'],Barnes,31,35,Missed,True,False,1630567,,rebound,rebound,,,,1627749|1628988|1630168|1630201|1630288|1630552|1630567|1631100|1631132|201152,1610612761.0,22200235
2,PT10M49.00S,10:49,Q2 10:49,33.18333333333333,196,rebound,O. Okongwu REBOUND (Off:0 Def:1),[],Okongwu,31,35,,False,False,1630168,,2pt missed,turnover,,,,1627749|1628988|1630168|1630201|1630288|1630552|1630567|1631100|1631132|201152,1610612737.0,22200235
2,PT10M47.00S,10:47,Q2 10:47,33.21666666666667,197,turnover,D. Murray bad pass TURNOVER (2 TO),[],Murray,31,35,,False,False,1627749,,rebound,steal,,201152.0,,1627749|1628988|1630168|1630201|1630288|1630552|1630567|1631100|1631132|201152,1610612737.0,22200235
2,PT10M47.00S,10:47,Q2 10:47,33.21666666666667,198,steal,T. Young STEAL (2 STL),[],Young,31,35,,False,False,201152,,turnover,2pt made,,,,1627749|1628988|1630168|1630201|1630288|1630552|1630567|1631100|1631132|201152,1610612761.0,22200235
2,PT10M40.00S,10:40,Q2 10:40,33.333333333333336,199,2pt,T. Young running Layup (4 PTS) (S. Barnes 4 AST),"['pointsinthepaint', 'fromturnover', 'fastbreak']",Young,31,37,Made,True,True,201152,1630567.0,steal,foul,,,,1627749|1628988|1630168|1630201|1630288|1630552|1630567|1631100|1631132|201152,1610612761.0,22200235
2,PT10M29.00S,10:29,Q2 10:29,33.516666666666666,201,foul,C. Koloko shooting personal FOUL (2 PF) (Murray 2 FT),['2freethrow'],Koloko,31,37,,False,False,1631132,,2pt made,freethrow,1627749.0,,,1627749|1628988|1630168|1630201|1630288|1630552|1630567|1631100|1631132|201152,1610612761.0,22200235
2,PT10M29.00S,10:29,Q2 10:29,33.516666666666666,203,freethrow,D. Murray Free Throw 1 of 2 (6 PTS),[],Murray,32,37,Made,False,False,1627749,,foul,substitution,,,,1627749|1628988|1630168|1630201|1630288|1630552|1630567|1631100|1631132|201152,1610612737.0,22200235
2,PT10M29.00S,10:29,Q2 10:29,33.516666666666666,204,substitution,SUB out: A. Holiday,[],Holiday,32,37,,False,False,1628988,,freethrow,substitution,,,,1627749|1630168|1630201|1630288|1630552|1630567|1631100|1631132|201152,1610612737.0,22200235
2,PT10M29.00S,10:29,Q2 10:29,33.516666666666666,205,substitution,SUB out: S. Barnes,[],Barnes,32,37,,False,False,1630567,,substitution,substitution,,,,1627749|1630168|1630201|1630288|1630552|1631100|1631132|201152,1610612761.0,22200235
2,PT10M29.00S,10:29,Q2 10:29,33.516666666666666,206,substitution,SUB out: J. Dowtin Jr.,[],Dowtin Jr.,32,37,,False,False,1630288,,substitution,substitution,,,,1627749|1630168|1630201|1630552|1631100|1631132|201152,1610612761.0,22200235
2,PT10M29.00S,10:29,Q2 10:29,33.516666666666666,207,substitution,SUB out: C. Koloko,[],Koloko,32,37,,False,False,1631132,,substitution,substitution,,,,1627749|1630168|1630201|1630552|1631100|201152,1610612761.0,22200235
2,PT10M29.00S,10:29,Q2 10:29,33.516666666666666,208,substitution,SUB in: D. Hunter,[],Hunter,32,37,,False,False,1629631,,substitution,substitution,,,,1627749|1629631|1630168|1630201|1630552|1631100|201152,1610612737.0,22200235
2,PT10M29.00S,10:29,Q2 10:29,33.516666666666666,209,substitution,SUB in: F. VanVleet,[],VanVleet,32,37,,False,False,1627832,,substitution,substitution,,,,1627749|1627832|1629631|1630168|1630201|1630552|1631100|201152,1610612761.0,22200235
2,PT10M29.00S,10:29,Q2 10:29,33.516666666666666,210,substitution,SUB in: J. Hernangomez,[],Hernangomez,32,37,,False,False,1627823,,substitution,substitution,,,,1627749|1627823|1627832|1629631|1630168|1630201|1630552|1631100|201152,1610612761.0,22200235
2,PT10M29.00S,10:29,Q2 10:29,33.516666666666666,211,substitution,SUB in: K. Birch,[],Birch,32,37,,False,False,203920,,substitution,freethrow,,,,1627749|1627823|1627832|1629631|1630168|1630201|1630552|1631100|201152|203920,1610612761.0,22200235
2,PT10M29.00S,10:29,Q2 10:29,33.516666666666666,212,freethrow,D. Murray Free Throw 2 of 2 (7 PTS),[],Murray,33,37,Made,False,False,1627749,,substitution,foul,,,,1627749|1627823|1627832|1629631|1630168|1630201|1630552|1631100|201152|203920,1610612737.0,22200235
2,PT10M11.00S,10:11,Q2 10:11,33.81666666666667,213,foul,J. Johnson shooting personal FOUL (1 PF) (VanVleet 2 FT),['2freethrow'],Johnson,33,37,,False,False,1630552,,freethrow,freethrow,1627832.0,,,1627749|1627823|1627832|1629631|1630168|1630201|1630552|1631100|201152|203920,1610612737.0,22200235
2,PT10M11.00S,10:11,Q2 10:11,33.81666666666667,215,freethrow,F. VanVleet Free Throw 1 of 2 (7 PTS),[],VanVleet,33,38,Made,False,False,1627832,,foul,freethrow,,,,1627749|1627823|1627832|1629631|1630168|1630201|1630552|1631100|201152|203920,1610612761.0,22200235
2,PT10M11.00S,10:11,Q2 10:11,33.81666666666667,216,freethrow,F. VanVleet Free Throw 2 of 2 (8 PTS),[],VanVleet,33,39,Made,False,False,1627832,,freethrow,2pt missed,,,,1627749|1627823|1627832|1629631|1630168|1630201|1630552|1631100|201152|203920,1610612761.0,22200235
2,PT10M00.00S,10:00,Q2 10:00,34.0,217,2pt,MISS D. Hunter 22' pullup Shot,[],Hunter,33,39,Missed,True,False,1629631,,freethrow,rebound,,,,1627749|1627823|1627832|1629631|1630168|1630201|1630552|1631100|201152|203920,1610612737.0,22200235
2,PT09M56.00S,09:56,Q2 09:56,32.06666666666667,218,rebound,J. Hernangomez REBOUND (Off:1 Def:2),[],Hernangomez,33,39,,False,False,1627823,,2pt missed,2pt made,,,,1627749|1627823|1627832|1629631|1630168|1630201|1630552|1631100|201152|203920,1610612761.0,22200235
2,PT09M40.00S,09:40,Q2 09:40,32.333333333333336,219,2pt,F. VanVleet driving finger roll Layup (10 PTS),['pointsinthepaint'],VanVleet,33,41,Made,True,False,1627832,,rebound,foul,,,,1627749|1627823|1627832|1629631|1630168|1630201|1630552|1631100|201152|203920,1610612761.0,22200235
2,PT09M40.00S,09:40,Q2 09:40,32.333333333333336,220,foul,O. Okongwu shooting personal FOUL (1 PF) (VanVleet 1 FT),['1freethrow'],Okongwu,33,41,,False,False,1630168,,2pt made,substitution,1627832.0,,,1627749|1627823|1627832|1629631|1630168|1630201|1630552|1631100|201152|203920,1610612737.0,22200235
2,PT09M40.00S,09:40,Q2 09:40,32.333333333333336,222,substitution,SUB out: J. Johnson,[],Johnson,33,41,,False,False,1630552,,foul,substitution,,,,1627749|1627823|1627832|1629631|1630168|1630201|1631100|201152|203920,1610612737.0,22200235
2,PT09M40.00S,09:40,Q2 09:40,32.333333333333336,223,substitution,SUB in: J. Collins,[],Collins,33,41,,False,False,1628381,,substitution,freethrow,,,,1627749|1627823|1627832|1628381|1629631|1630168|1630201|1631100|201152|203920,1610612737.0,22200235
2,PT09M40.00S,09:40,Q2 09:40,32.333333333333336,224,freethrow,F. VanVleet Free Throw 1 of 1 (11 PTS),[],VanVleet,33,42,Made,False,False,1627832,,substitution,2pt missed,,,,1627749|1627823|1627832|1628381|1629631|1630168|1630201|1631100|201152|203920,1610612761.0,22200235
2,PT09M20.00S,09:20,Q2 09:20,32.666666666666664,225,2pt,MISS D. Murray 18' pullup Shot,[],Murray,33,42,Missed,True,False,1627749,,freethrow,rebound,,,,1627749|1627823|1627832|1628381|1629631|1630168|1630201|1631100|201152|203920,1610612737.0,22200235
2,PT09M16.00S,09:16,Q2 09:16,32.733333333333334,226,rebound,J. Hernangomez REBOUND (Off:1 Def:3),[],Hernangomez,33,42,,False,False,1627823,,2pt missed,3pt missed,,,,1627749|1627823|1627832|1628381|1629631|1630168|1630201|1631100|201152|203920,1610612761.0,22200235
2,PT09M00.00S,09:00,Q2 09:00,33.0,227,3pt,MISS M. Flynn 28' 3PT,[],Flynn,33,42,Missed,True,False,1630201,,rebound,rebound,,,,1627749|1627823|1627832|1628381|1629631|1630168|1630201|1631100|201152|203920,1610612761.0,22200235
2,PT08M56.00S,08:56,Q2 08:56,31.066666666666666,228,rebound,J. Collins REBOUND (Off:0 Def:4),[],Collins,33,42,,False,False,1628381,,3pt missed,turnover,,,,1627749|1627823|1627832|1628381|1629631|1630168|1630201|1631100|201152|203920,1610612737.0,22200235
2,PT08M50.00S,08:50,Q2 08:50,31.166666666666668,229,turnover,D. Hunter bad pass TURNOVER (1 TO),[],Hunter,33,42,,False,False,1629631,,rebound,steal,,201152.0,,1627749|1627823|1627832|1628381|1629631|1630168|1630201|1631100|201152|203920,1610612737.0,22200235
2,PT08M50.00S,08:50,Q2 08:50,31.166666666666668,230,steal,T. Young STEAL (3 STL),[],Young,33,42,,False,False,201152,,turnover,turnover,,,,1627749|1627823|1627832|1628381|1629631|1630168|1630201|1631100|201152|203920,1610612761.0,22200235
2,PT08M47.00S,08:47,Q2 08:47,31.216666666666665,231,turnover,T. Young lost ball TURNOVER (1 TO),[],Young,33,42,,False,False,201152,,steal,steal,,1628381.0,,1627749|1627823|1627832|1628381|1629631|1630168|1630201|1631100|201152|203920,1610612761.0,22200235
2,PT08M47.00S,08:47,Q2 08:47,31.216666666666665,232,steal,J. Collins STEAL (1 STL),[],Collins,33,42,,False,False,1628381,,turnover,2pt made,,,,1627749|1627823|1627832|1628381|1629631|1630168|1630201|1631100|201152|203920,1610612737.0,22200235
2,PT08M43.00S,08:43,Q2 08:43,31.283333333333335,233,2pt,D. Murray Layup (9 PTS),"['pointsinthepaint', 'fromturnover']",Murray,35,42,Made,True,False,1627749,,steal,3pt missed,,,,1627749|1627823|1627832|1628381|1629631|1630168|1630201|1631100|201152|203920,1610612737.0,22200235
2,PT08M32.00S,08:32,Q2 08:32,31.466666666666665,234,3pt,MISS F. VanVleet 25' pullup 3PT,[],VanVleet,35,42,Missed,True,False,1627832,,2pt made,rebound,,,,1627749|1627823|1627832|1628381|1629631|1630168|1630201|1631100|201152|203920,1610612761.0,22200235
2,PT08M30.00S,08:30,Q2 08:30,31.5,235,rebound,J. Collins REBOUND (Off:0 Def:5),[],Collins,35,42,,False,False,1628381,,3pt missed,3pt missed,,,,1627749|1627823|1627832|1628381|1629631|1630168|1630201|1631100|201152|203920,1610612737.0,22200235
2,PT08M17.00S,08:17,Q2 08:17,31.716666666666665,236,3pt,MISS A. Griffin 3PT,[],Griffin,35,42,Missed,True,False,1631100,,rebound,rebound,,,,1627749|1627823|1627832|1628381|1629631|1630168|1630201|1631100|201152|203920,1610612737.0,22200235
2,PT08M13.00S,08:13,Q2 08:13,31.783333333333335,237,rebound,M. Flynn REBOUND (Off:0 Def:2),[],Flynn,35,42,,False,False,1630201,,3pt missed,3pt missed,,,,1627749|1627823|1627832|1628381|1629631|1630168|1630201|1631100|201152|203920,1610612761.0,22200235
2,PT08M07.00S,08:07,Q2 08:07,31.883333333333333,238,3pt,MISS J. Hernangomez 3PT,[],Hernangomez,35,42,Missed,True,False,1627823,,rebound,rebound,,,,1627749|1627823|1627832|1628381|1629631|1630168|1630201|1631100|201152|203920,1610612761.0,22200235
2,PT08M04.00S,08:04,Q2 08:04,31.933333333333334,239,rebound,A. Griffin REBOUND (Off:0 Def:1),[],Griffin,35,42,,False,False,1631100,,3pt missed,2pt missed,,,,1627749|1627823|1627832|1628381|1629631|1630168|1630201|1631100|201152|203920,1610612737.0,22200235
2,PT07M53.00S,07:53,Q2 07:53,30.116666666666667,240,2pt,MISS D. Murray 6' driving floating Shot,['pointsinthepaint'],Murray,35,42,Missed,True,False,1627749,,rebound,rebound,,,,1627749|1627823|1627832|1628381|1629631|1630168|1630201|1631100|201152|203920,1610612737.0,22200235
2,PT07M50.00S,07:50,Q2 07:50,30.166666666666668,241,rebound,K. Birch REBOUND (Off:0 Def:1),[],Birch,35,42,,False,False,203920,,2pt missed,2pt missed,,,,1627749|1627823|1627832|1628381|1629631|1630168|1630201|1631100|201152|203920,1610612761.0,22200235
2,PT07M41.00S,07:41,Q2 07:41,30.316666666666666,242,2pt,MISS F. VanVleet driving Layup,['pointsinthepaint'],VanVleet,35,42,Missed,True,False,1627832,,rebound,rebound,,,,1627749|1627823|1627832|1628381|1629631|1630168|1630201|1631100|201152|203920,1610612761.0,22200235
2,PT07M38.00S,07:38,Q2 07:38,30.366666666666667,243,rebound,A. Griffin REBOUND (Off:0 Def:2),[],Griffin,35,42,,False,False,1631100,,2pt missed,2pt made,,,,1627749|1627823|1627832|1628381|1629631|1630168|1630201|1631100|201152|203920,1610612737.0,22200235
2,PT07M34.00S,07:34,Q2 07:34,30.433333333333334,244,2pt,A. Griffin running Layup (7 PTS),"['pointsinthepaint', 'fastbreak']",Griffin,37,42,Made,True,False,1631100,,rebound,timeout,,,,1627749|1627823|1627832|1628381|1629631|1630168|1630201|1631100|201152|203920,1610612737.0,22200235
2,PT07M21.00S,07:21,Q2 07:21,30.65,245,timeout,TOR Timeout,"['team', 'mandatory']",,37,42,,False,False,0,,2pt made,substitution,,,,1627749|1627823|1627832|1628381|1629631|1630168|1630201|1631100|201152|203920,1610612761.0,22200235
2,PT07M21.00S,07:21,Q2 07:21,30.65,246,substitution,SUB out: A. Griffin,[],Griffin,37,42,,False,False,1631100,,timeout,substitution,,,,1627749|1627823|1627832|1628381|1629631|1630168|1630201|201152|203920,1610612737.0,22200235
2,PT07M21.00S,07:21,Q2 07:21,30.65,247,substitution,SUB out: M. Flynn,[],Flynn,37,42,,False,False,1630201,,substitution,substitution,,,,1627749|1627823|1627832|1628381|1629631|1630168|201152|203920,1610612761.0,22200235
2,PT07M21.00S,07:21,Q2 07:21,30.65,248,substitution,SUB in: T. Young,[],Young,37,42,,False,False,1629027,,substitution,substitution,,,,1627749|1627823|1627832|1628381|1629027|1629631|1630168|201152|203920,1610612737.0,22200235
2,PT07M21.00S,07:21,Q2 07:21,30.65,249,substitution,SUB in: O. Anunoby,[],Anunoby,37,42,,False,False,1628384,,substitution,3pt missed,,,,1627749|1627823|1627832|1628381|1628384|1629027|1629631|1630168|201152|203920,1610612761.0,22200235
2,PT07M09.00S,07:09,Q2 07:09,30.85,250,3pt,MISS F. VanVleet 26' pullup 3PT,[],VanVleet,37,42,Missed,True,False,1627832,,substitution,rebound,,,,1627749|1627823|1627832|1628381|1628384|1629027|1629631|1630168|201152|203920,1610612761.0,22200235
2,PT07M06.00S,07:06,Q2 07:06,30.9,251,rebound,T. Young REBOUND (Off:1 Def:1),[],Young,37,42,,False,False,201152,,3pt missed,2pt made,,,,1627749|1627823|1627832|1628381|1628384|1629027|1629631|1630168|201152|203920,1610612761.0,22200235
2,PT07M05.00S,07:05,Q2 07:05,30.916666666666668,252,2pt,T. Young putback Layup (6 PTS),"['pointsinthepaint', '2ndchance']",Young,37,44,Made,True,False,201152,,rebound,foul,,,,1627749|1627823|1627832|1628381|1628384|1629027|1629631|1630168|201152|203920,1610612761.0,22200235
2,PT06M53.00S,06:53,Q2 06:53,29.116666666666667,253,foul,O. Anunoby shooting personal FOUL (2 PF) (Collins 2 FT),['2freethrow'],Anunoby,37,44,,False,False,1628384,,2pt made,freethrow,1628381.0,,,1627749|1627823|1627832|1628381|1628384|1629027|1629631|1630168|201152|203920,1610612761.0,22200235
2,PT06M53.00S,06:53,Q2 06:53,29.116666666666667,255,freethrow,J. Collins Free Throw 1 of 2 (2 PTS),[],Collins,38,44,Made,False,False,1628381,,foul,substitution,,,,1627749|1627823|1627832|1628381|1628384|1629027|1629631|1630168|201152|203920,1610612737.0,22200235
2,PT06M53.00S,06:53,Q2 06:53,29.116666666666667,256,substitution,SUB out: K. Birch,[],Birch,38,44,,False,False,203920,,freethrow,substitution,,,,1627749|1627823|1627832|1628381|1628384|1629027|1629631|1630168|201152,1610612761.0,22200235
2,PT06M53.00S,06:53,Q2 06:53,29.116666666666667,257,substitution,SUB in: S. Barnes,[],Barnes,38,44,,False,False,1630567,,substitution,freethrow,,,,1627749|1627823|1627832|1628381|1628384|1629027|1629631|1630168|1630567|201152,1610612761.0,22200235
2,PT06M53.00S,06:53,Q2 06:53,29.116666666666667,258,freethrow,J. Collins Free Throw 2 of 2 (3 PTS),[],Collins,39,44,Made,False,False,1628381,,substitution,3pt made,,,,1627749|1627823|1627832|1628381|1628384|1629027|1629631|1630168|1630567|201152,1610612737.0,22200235
2,PT06M34.00S,06:34,Q2 06:34,29.433333333333334,259,3pt,S. Barnes 24' 3PT  (9 PTS) (O. Anunoby 2 AST),[],Barnes,39,47,Made,True,True,1630567,1628384.0,freethrow,2pt made,,,,1627749|1627823|1627832|1628381|1628384|1629027|1629631|1630168|1630567|201152,1610612761.0,22200235
2,PT06M15.00S,06:15,Q2 06:15,29.75,261,2pt,O. Okongwu alley-oop DUNK (2 PTS) (T. Young 3 AST),['pointsinthepaint'],Okongwu,41,47,Made,True,True,1630168,1629027.0,3pt made,3pt missed,,,,1627749|1627823|1627832|1628381|1628384|1629027|1629631|1630168|1630567|201152,1610612737.0,22200235
2,PT06M00.00S,06:00,Q2 06:00,30.0,263,3pt,MISS S. Barnes 26' 3PT,[],Barnes,41,47,Missed,True,False,1630567,,2pt made,rebound,,,,1627749|1627823|1627832|1628381|1628384|1629027|1629631|1630168|1630567|201152,1610612761.0,22200235
2,PT05M57.00S,05:57,Q2 05:57,28.05,264,rebound,D. Murray REBOUND (Off:0 Def:4),[],Murray,41,47,,False,False,1627749,,3pt missed,foul,,,,1627749|1627823|1627832|1628381|1628384|1629027|1629631|1630168|1630567|201152,1610612737.0,22200235
2,PT05M50.00S,05:50,Q2 05:50,28.166666666666668,265,foul,D. Hunter charge offensive FOUL (1 PF),[],Hunter,41,47,,False,False,1629631,,rebound,turnover,201152.0,,,1627749|1627823|1627832|1628381|1628384|1629027|1629631|1630168|1630567|201152,1610612737.0,22200235
2,PT05M50.00S,05:50,Q2 05:50,28.166666666666668,267,turnover,D. Hunter offensive foul TURNOVER (2 TO),[],Hunter,41,47,,False,False,1629631,,foul,substitution,,,,1627749|1627823|1627832|1628381|1628384|1629027|1629631|1630168|1630567|201152,1610612737.0,22200235
2,PT05M50.00S,05:50,Q2 05:50,28.166666666666668,268,substitution,SUB out: O. Okongwu,[],Okongwu,41,47,,False,False,1630168,,turnover,substitution,,,,1627749|1627823|1627832|1628381|1628384|1629027|1629631|1630567|201152,1610612737.0,22200235
2,PT05M50.00S,05:50,Q2 05:50,28.166666666666668,269,substitution,SUB in: C. Capela,[],Capela,41,47,,False,False,203991,,substitution,2pt made,,,,1627749|1627823|1627832|1628381|1628384|1629027|1629631|1630567|201152|203991,1610612737.0,22200235
2,PT05M37.00S,05:37,Q2 05:37,28.383333333333333,270,2pt,T. Young reverse Layup (8 PTS) (O. Anunoby 3 AST),"['pointsinthepaint', 'fromturnover']",Young,41,49,Made,True,True,201152,1628384.0,substitution,2pt made,,,,1627749|1627823|1627832|1628381|1628384|1629027|1629631|1630567|201152|203991,1610612761.0,22200235
2,PT05M25.00S,05:25,Q2 05:25,28.583333333333332,272,2pt,D. Murray 7' driving floating Jump Shot (11 PTS),['pointsinthepaint'],Murray,43,49,Made,True,False,1627749,,2pt made,2pt made,,,,1627749|1627823|1627832|1628381|1628384|1629027|1629631|1630567|201152|203991,1610612737.0,22200235
2,PT05M07.00S,05:07,Q2 05:07,28.883333333333333,273,2pt,S. Barnes driving DUNK (11 PTS),['pointsinthepaint'],Barnes,43,51,Made,True,False,1630567,,2pt made,2pt made,,,,1627749|1627823|1627832|1628381|1628384|1629027|1629631|1630567|201152|203991,1610612761.0,22200235
2,PT04M57.00S,04:57,Q2 04:57,27.05,274,2pt,T. Young driving Layup (10 PTS),['pointsinthepaint'],Young,45,51,Made,True,False,1629027,,2pt made,2pt missed,,,,1627749|1627823|1627832|1628381|1628384|1629027|1629631|1630567|201152|203991,1610612737.0,22200235
2,PT04M43.00S,04:43,Q2 04:43,27.283333333333335,275,2pt,MISS S. Barnes 14' fadeaway Shot,['pointsinthepaint'],Barnes,45,51,Missed,True,False,1630567,,2pt made,rebound,,,,1627749|1627823|1627832|1628381|1628384|1629027|1629631|1630567|201152|203991,1610612761.0,22200235
2,PT04M41.00S,04:41,Q2 04:41,27.316666666666666,276,rebound,C. Capela REBOUND (Off:3 Def:2),[],Capela,45,51,,False,False,203991,,2pt missed,2pt made,,,,1627749|1627823|1627832|1628381|1628384|1629027|1629631|1630567|201152|203991,1610612737.0,22200235
2,PT04M32.00S,04:32,Q2 04:32,27.466666666666665,277,2pt,T. Young 11' driving floating Jump Shot (12 PTS) (D. Murray 2 AST),[],Young,47,51,Made,True,True,1629027,1627749.0,rebound,turnover,,,,1627749|1627823|1627832|1628381|1628384|1629027|1629631|1630567|201152|203991,1610612737.0,22200235
2,PT04M09.00S,04:09,Q2 04:09,27.85,279,turnover,F. VanVleet lost ball TURNOVER (2 TO),[],VanVleet,47,51,,False,False,1627832,,2pt made,steal,,1629027.0,,1627749|1627823|1627832|1628381|1628384|1629027|1629631|1630567|201152|203991,1610612761.0,22200235
2,PT04M09.00S,04:09,Q2 04:09,27.85,280,steal,T. Young STEAL (1 STL),[],Young,47,51,,False,False,1629027,,turnover,2pt made,,,,1627749|1627823|1627832|1628381|1628384|1629027|1629631|1630567|201152|203991,1610612737.0,22200235
2,PT04M05.00S,04:05,Q2 04:05,27.916666666666668,281,2pt,J. Collins running DUNK (5 PTS) (T. Young 4 AST),"['pointsinthepaint', 'fromturnover', 'fastbreak']",Collins,49,51,Made,True,True,1628381,1629027.0,steal,timeout,,,,1627749|1627823|1627832|1628381|1628384|1629027|1629631|1630567|201152|203991,1610612737.0,22200235
2,PT04M05.00S,04:05,Q2 04:05,27.916666666666668,283,timeout,TOR Timeout,"['team', 'mandatory']",,49,51,,False,False,0,,2pt made,2pt missed,,,,1627749|1627823|1627832|1628381|1628384|1629027|1629631|1630567|201152|203991,1610612761.0,22200235
2,PT03M51.00S,03:51,Q2 03:51,26.15,284,2pt,MISS S. Barnes 11' Jump Shot,['pointsinthepaint'],Barnes,49,51,Missed,True,False,1630567,,timeout,rebound,,,,1627749|1627823|1627832|1628381|1628384|1629027|1629631|1630567|201152|203991,1610612761.0,22200235
2,PT03M48.00S,03:48,Q2 03:48,26.2,285,rebound,C. Capela REBOUND (Off:3 Def:3),[],Capela,49,51,,False,False,203991,,2pt missed,2pt missed,,,,1627749|1627823|1627832|1628381|1628384|1629027|1629631|1630567|201152|203991,1610612737.0,22200235
2,PT03M44.00S,03:44,Q2 03:44,26.266666666666666,286,2pt,MISS D. Hunter 17' running pullup Shot,['fastbreak'],Hunter,49,51,Missed,True,False,1629631,,rebound,rebound,,,,1627749|1627823|1627832|1628381|1628384|1629027|1629631|1630567|201152|203991,1610612737.0,22200235
2,PT03M40.00S,03:40,Q2 03:40,26.333333333333332,287,rebound,T. Young REBOUND (Off:1 Def:2),[],Young,49,51,,False,False,201152,,2pt missed,2pt made,,,,1627749|1627823|1627832|1628381|1628384|1629027|1629631|1630567|201152|203991,1610612761.0,22200235
2,PT03M25.00S,03:25,Q2 03:25,26.583333333333332,288,2pt,T. Young Layup (10 PTS) (O. Anunoby 4 AST),['pointsinthepaint'],Young,49,53,Made,True,True,201152,1628384.0,rebound,2pt made,,,,1627749|1627823|1627832|1628381|1628384|1629027|1629631|1630567|201152|203991,1610612761.0,22200235
2,PT03M14.00S,03:14,Q2 03:14,26.766666666666666,290,2pt,C. Capela alley-oop DUNK (10 PTS) (T. Young 5 AST),['pointsinthepaint'],Capela,51,53,Made,True,True,203991,1629027.0,2pt made,2pt made,,,,1627749|1627823|1627832|1628381|1628384|1629027|1629631|1630567|201152|203991,1610612737.0,22200235
2,PT03M02.00S,03:02,Q2 03:02,26.966666666666665,292,2pt,J. Hernangomez driving Layup (8 PTS) (T. Young 2 AST),['pointsinthepaint'],Hernangomez,51,55,Made,True,True,1627823,201152.0,2pt made,foul,,,,1627749|1627823|1627832|1628381|1628384|1629027|1629631|1630567|201152|203991,1610612761.0,22200235
2,PT03M02.00S,03:02,Q2 03:02,26.966666666666665,293,foul,T. Young shooting personal FOUL (1 PF) (Hernangomez 1 FT),['1freethrow'],Young,51,55,,False,False,1629027,,2pt made,freethrow,1627823.0,,,1627749|1627823|1627832|1628381|1628384|1629027|1629631|1630567|201152|203991,1610612737.0,22200235
2,PT03M02.00S,03:02,Q2 03:02,26.966666666666665,296,freethrow,MISS J. Hernangomez Free Throw 1 of 1,[],Hernangomez,51,55,Missed,False,False,1627823,,foul,rebound,,,,1627749|1627823|1627832|1628381|1628384|1629027|1629631|1630567|201152|203991,1610612761.0,22200235
2,PT03M00.00S,03:00,Q2 03:00,27.0,297,rebound,J. Collins REBOUND (Off:0 Def:6),[],Collins,51,55,,False,False,1628381,,freethrow,2pt missed,,,,1627749|1627823|1627832|1628381|1628384|1629027|1629631|1630567|201152|203991,1610612737.0,22200235
2,PT02M51.00S,02:51,Q2 02:51,25.15,298,2pt,MISS D. Hunter 15' pullup Shot,[],Hunter,51,55,Missed,True,False,1629631,,rebound,rebound,,,,1627749|1627823|1627832|1628381|1628384|1629027|1629631|1630567|201152|203991,1610612737.0,22200235
2,PT02M48.00S,02:48,Q2 02:48,25.2,299,rebound,S. Barnes REBOUND (Off:1 Def:2),[],Barnes,51,55,,False,False,1630567,,2pt missed,turnover,,,,1627749|1627823|1627832|1628381|1628384|1629027|1629631|1630567|201152|203991,1610612761.0,22200235
2,PT02M48.00S,02:48,Q2 02:48,25.2,300,turnover,S. Barnes lost ball out-of-bounds TURNOVER (1 TO),[],Barnes,51,55,,False,False,1630567,,rebound,substitution,,,,1627749|1627823|1627832|1628381|1628384|1629027|1629631|1630567|201152|203991,1610612761.0,22200235
2,PT02M48.00S,02:48,Q2 02:48,25.2,301,substitution,SUB out: D. Murray,[],Murray,51,55,,False,False,1627749,,turnover,substitution,,,,1627823|1627832|1628381|1628384|1629027|1629631|1630567|201152|203991,1610612737.0,22200235
2,PT02M48.00S,02:48,Q2 02:48,25.2,302,substitution,SUB in: A. Griffin,[],Griffin,51,55,,False,False,1631100,,substitution,foul,,,,1627823|1627832|1628381|1628384|1629027|1629631|1630567|1631100|201152|203991,1610612737.0,22200235
2,PT02M47.00S,02:47,Q2 02:47,25.216666666666665,303,foul,O. Anunoby personal FOUL (3 PF),[],Anunoby,51,55,,False,False,1628384,,substitution,2pt missed,1628381.0,,,1627823|1627832|1628381|1628384|1629027|1629631|1630567|1631100|201152|203991,1610612761.0,22200235
2,PT02M38.00S,02:38,Q2 02:38,25.366666666666667,305,2pt,MISS T. Young 20' step back Shot,['fromturnover'],Young,51,55,Missed,True,False,1629027,,foul,rebound,,,,1627823|1627832|1628381|1628384|1629027|1629631|1630567|1631100|201152|203991,1610612737.0,22200235
2,PT02M36.00S,02:36,Q2 02:36,25.4,306,rebound,TEAM defensive REBOUND,['team'],,51,55,,False,False,0,,2pt missed,foul,,,,1627823|1627832|1628381|1628384|1629027|1629631|1630567|1631100|201152|203991,1610612761.0,22200235
2,PT02M36.00S,02:36,Q2 02:36,25.4,307,foul,J. Collins loose ball personal FOUL (2 PF),[],Collins,51,55,,False,False,1628381,,rebound,3pt missed,1628384.0,,,1627823|1627832|1628381|1628384|1629027|1629631|1630567|1631100|201152|203991,1610612737.0,22200235
2,PT02M20.00S,02:20,Q2 02:20,25.666666666666668,309,3pt,MISS T. Young 25' 3PT,[],Young,51,55,Missed,True,False,201152,,foul,rebound,,,,1627823|1627832|1628381|1628384|1629027|1629631|1630567|1631100|201152|203991,1610612761.0,22200235
2,PT02M17.00S,02:17,Q2 02:17,25.716666666666665,310,rebound,TEAM defensive REBOUND,['team'],,51,55,,False,False,0,,3pt missed,2pt missed,,,,1627823|1627832|1628381|1628384|1629027|1629631|1630567|1631100|201152|203991,1610612737.0,22200235
2,PT02M05.00S,02:05,Q2 02:05,25.916666666666668,312,2pt,MISS D. Hunter driving Layup - blocked,['pointsinthepaint'],Hunter,51,55,Missed,True,False,1629631,,rebound,block,,,1630567.0,1627823|1627832|1628381|1628384|1629027|1629631|1630567|1631100|201152|203991,1610612737.0,22200235
2,PT02M05.00S,02:05,Q2 02:05,25.916666666666668,313,block,S. Barnes BLOCK (1 BLK),[],Barnes,51,55,,False,False,1630567,,2pt missed,rebound,,,,1627823|1627832|1628381|1628384|1629027|1629631|1630567|1631100|201152|203991,1610612761.0,22200235
2,PT02M00.00S,02:00,Q2 02:00,26.0,314,rebound,C. Capela REBOUND (Off:4 Def:3),[],Capela,51,55,,False,False,203991,,block,2pt made,,,,1627823|1627832|1628381|1628384|1629027|1629631|1630567|1631100|201152|203991,1610612737.0,22200235
2,PT02M00.00S,02:00,Q2 02:00,26.0,315,2pt,C. Capela putback Layup (12 PTS),"['pointsinthepaint', '2ndchance']",Capela,53,55,Made,True,False,203991,,rebound,turnover,,,,1627823|1627832|1628381|1628384|1629027|1629631|1630567|1631100|201152|203991,1610612737.0,22200235
2,PT01M44.00S,01:44,Q2 01:44,24.266666666666666,316,turnover,O. Anunoby bad pass out-of-bounds TURNOVER (4 TO),[],Anunoby,53,55,,False,False,1628384,,2pt made,substitution,,,,1627823|1627832|1628381|1628384|1629027|1629631|1630567|1631100|201152|203991,1610612761.0,22200235
2,PT01M44.00S,01:44,Q2 01:44,24.266666666666666,317,substitution,SUB out: O. Anunoby,[],Anunoby,53,55,,False,False,1628384,,turnover,substitution,,,,1627823|1627832|1628381|1629027|1629631|1630567|1631100|201152|203991,1610612761.0,22200235
2,PT01M44.00S,01:44,Q2 01:44,24.266666666666666,318,substitution,SUB in: M. Flynn,[],Flynn,53,55,,False,False,1630201,,substitution,2pt missed,,,,1627823|1627832|1628381|1629027|1629631|1630201|1630567|1631100|201152|203991,1610612761.0,22200235
2,PT01M28.00S,01:28,Q2 01:28,24.533333333333335,319,2pt,MISS T. Young driving Layup,"['pointsinthepaint', 'fromturnover']",Young,53,55,Missed,True,False,1629027,,substitution,rebound,,,,1627823|1627832|1628381|1629027|1629631|1630201|1630567|1631100|201152|203991,1610612737.0,22200235
2,PT01M23.00S,01:23,Q2 01:23,24.616666666666667,320,rebound,C. Capela REBOUND (Off:5 Def:3),[],Capela,53,55,,False,False,203991,,2pt missed,2pt made,,,,1627823|1627832|1628381|1629027|1629631|1630201|1630567|1631100|201152|203991,1610612737.0,22200235
2,PT01M23.00S,01:23,Q2 01:23,24.616666666666667,321,2pt,C. Capela tip DUNK (14 PTS),"['pointsinthepaint', 'fromturnover', '2ndchance']",Capela,55,55,Made,True,False,203991,,rebound,2pt made,,,,1627823|1627832|1628381|1629027|1629631|1630201|1630567|1631100|201152|203991,1610612737.0,22200235
2,PT01M11.00S,01:11,Q2 01:11,24.816666666666666,322,2pt,T. Young reverse Layup (12 PTS) (F. VanVleet 3 AST),['pointsinthepaint'],Young,55,57,Made,True,True,201152,1627832.0,2pt made,2pt missed,,,,1627823|1627832|1628381|1629027|1629631|1630201|1630567|1631100|201152|203991,1610612761.0,22200235
2,PT00M52.80S,00:52,Q2 00:52,23.133333333333333,325,2pt,MISS A. Griffin 14' pullup Shot,['pointsinthepaint'],Griffin,55,57,Missed,True,False,1631100,,2pt made,rebound,,,,1627823|1627832|1628381|1629027|1629631|1630201|1630567|1631100|201152|203991,1610612737.0,22200235
2,PT00M49.60S,00:49,Q2 00:49,23.183333333333334,326,rebound,J. Hernangomez REBOUND (Off:1 Def:4),[],Hernangomez,55,57,,False,False,1627823,,2pt missed,2pt missed,,,,1627823|1627832|1628381|1629027|1629631|1630201|1630567|1631100|201152|203991,1610612761.0,22200235
2,PT00M29.70S,00:29,Q2 00:29,23.516666666666666,327,2pt,MISS J. Hernangomez 18' pullup Shot,[],Hernangomez,55,57,Missed,True,False,1627823,,rebound,rebound,,,,1627823|1627832|1628381|1629027|1629631|1630201|1630567|1631100|201152|203991,1610612761.0,22200235
2,PT00M28.30S,00:28,Q2 00:28,23.533333333333335,328,rebound,T. Young REBOUND (Off:2 Def:2),[],Young,55,57,,False,False,201152,,2pt missed,2pt made,,,,1627823|1627832|1628381|1629027|1629631|1630201|1630567|1631100|201152|203991,1610612761.0,22200235
2,PT00M28.30S,00:28,Q2 00:28,23.533333333333335,329,2pt,T. Young tip Layup (14 PTS),"['pointsinthepaint', '2ndchance']",Young,55,59,Made,True,False,201152,,rebound,foul,,,,1627823|1627832|1628381|1629027|1629631|1630201|1630567|1631100|201152|203991,1610612761.0,22200235
2,PT00M05.60S,00:05,Q2 00:05,23.916666666666668,330,foul,T. Young offensive FOUL (2 PF),[],Young,55,59,,False,False,1629027,,2pt made,turnover,1630567.0,,,1627823|1627832|1628381|1629027|1629631|1630201|1630567|1631100|201152|203991,1610612737.0,22200235
2,PT00M05.60S,00:05,Q2 00:05,23.916666666666668,332,turnover,T. Young offensive foul TURNOVER (2 TO),[],Young,55,59,,False,False,1629027,,foul,foul,,,,1627823|1627832|1628381|1629027|1629631|1630201|1630567|1631100|201152|203991,1610612737.0,22200235
2,PT00M05.20S,00:05,Q2 00:05,23.916666666666668,333,foul,TEAM foul technical,['1freethrow'],,55,59,,False,False,1778,,turnover,freethrow,,,,1627823|1627832|1628381|1629027|1629631|1630201|1630567|1631100|201152|203991,1610612737.0,22200235
2,PT00M05.20S,00:05,Q2 00:05,23.916666666666668,334,freethrow,F. VanVleet technical Free Throw 1 of 1 (12 PTS),[],VanVleet,55,60,Made,False,False,1627832,,foul,substitution,,,,1627823|1627832|1628381|1629027|1629631|1630201|1630567|1631100|201152|203991,1610612761.0,22200235
2,PT00M05.20S,00:05,Q2 00:05,23.916666666666668,335,substitution,SUB out: T. Young,[],Young,55,60,,False,False,1629027,,freethrow,substitution,,,,1627823|1627832|1628381|1629631|1630201|1630567|1631100|201152|203991,1610612737.0,22200235
2,PT00M05.20S,00:05,Q2 00:05,23.916666666666668,336,substitution,SUB in: A. Holiday,[],Holiday,55,60,,False,False,1628988,,substitution,2pt made,,,,1627823|1627832|1628381|1628988|1629631|1630201|1630567|1631100|201152|203991,1610612737.0,22200235
2,PT00M00.30S,00:00,Q2 00:00,24.0,337,2pt,S. Barnes driving Layup (13 PTS),"['pointsinthepaint', 'fromturnover', 'defensivegoaltending']",Barnes,55,62,Made,True,False,1630567,,substitution,substitution,,,,1627823|1627832|1628381|1628988|1629631|1630201|1630567|1631100|201152|203991,1610612761.0,22200235
2,PT00M00.30S,00:00,Q2 00:00,24.0,767,substitution,SUB out: M. Flynn,[],Flynn,55,62,,False,False,1630201,,2pt made,substitution,,,,1627823|1627832|1628381|1628988|1629631|1630567|1631100|201152|203991,1610612761.0,22200235
2,PT00M00.30S,00:00,Q2 00:00,24.0,768,substitution,SUB in: O. Anunoby,[],Anunoby,55,62,,False,False,1628384,,substitution,substitution,,,,1627823|1627832|1628381|1628384|1628988|1629631|1630567|1631100|201152|203991,1610612761.0,22200235
3,PT12M00.00S,12:00,Q3 12:00,24.0,343,substitution,SUB out: A. Griffin,['startperiod'],Griffin,55,62,,False,False,1631100,,substitution,substitution,,,,1627823|1627832|1628381|1628384|1628988|1629631|1630567|201152|203991,1610612737.0,22200235
3,PT12M00.00S,12:00,Q3 12:00,24.0,344,substitution,SUB out: A. Holiday,['startperiod'],Holiday,55,62,,False,False,1628988,,substitution,substitution,,,,1627823|1627832|1628381|1628384|1629631|1630567|201152|203991,1610612737.0,22200235
3,PT12M00.00S,12:00,Q3 12:00,24.0,345,substitution,SUB in: D. Murray,['startperiod'],Murray,55,62,,False,False,1627749,,substitution,substitution,,,,1627749|1627823|1627832|1628381|1628384|1629631|1630567|201152|203991,1610612737.0,22200235
3,PT12M00.00S,12:00,Q3 12:00,24.0,346,substitution,SUB in: T. Young,['startperiod'],Young,55,62,,False,False,1629027,,substitution,3pt missed,,,,1627749|1627823|1627832|1628381|1628384|1629027|1629631|1630567|201152|203991,1610612737.0,22200235
3,PT11M51.00S,11:51,Q3 11:51,22.15,348,3pt,MISS F. VanVleet 25' 3PT,[],VanVleet,55,62,Missed,True,False,1627832,,substitution,rebound,,,,1627749|1627823|1627832|1628381|1628384|1629027|1629631|1630567|201152|203991,1610612761.0,22200235
3,PT11M47.00S,11:47,Q3 11:47,22.216666666666665,349,rebound,J. Collins REBOUND (Off:0 Def:7),[],Collins,55,62,,False,False,1628381,,3pt missed,2pt made,,,,1627749|1627823|1627832|1628381|1628384|1629027|1629631|1630567|201152|203991,1610612737.0,22200235
3,PT11M35.00S,11:35,Q3 11:35,22.416666666666668,350,2pt,T. Young 8' driving floating Jump Shot (14 PTS) (J. Collins 3 AST),['pointsinthepaint'],Young,57,62,Made,True,True,1629027,1628381.0,rebound,2pt missed,,,,1627749|1627823|1627832|1628381|1628384|1629027|1629631|1630567|201152|203991,1610612737.0,22200235
3,PT11M14.00S,11:14,Q3 11:14,22.766666666666666,351,2pt,MISS O. Anunoby 21' pullup Shot,[],Anunoby,57,62,Missed,True,False,1628384,,2pt made,rebound,,,,1627749|1627823|1627832|1628381|1628384|1629027|1629631|1630567|201152|203991,1610612761.0,22200235
3,PT11M11.00S,11:11,Q3 11:11,22.816666666666666,352,rebound,T. Young REBOUND (Off:0 Def:1),[],Young,57,62,,False,False,1629027,,2pt missed,2pt made,,,,1627749|1627823|1627832|1628381|1628384|1629027|1629631|1630567|201152|203991,1610612737.0,22200235
3,PT11M07.00S,11:07,Q3 11:07,22.883333333333333,353,2pt,T. Young running Layup (16 PTS),"['pointsinthepaint', 'fastbreak']",Young,59,62,Made,True,False,1629027,,rebound,3pt missed,,,,1627749|1627823|1627832|1628381|1628384|1629027|1629631|1630567|201152|203991,1610612737.0,22200235
3,PT10M54.00S,10:54,Q3 10:54,21.1,354,3pt,MISS F. VanVleet 26' 3PT,[],VanVleet,59,62,Missed,True,False,1627832,,2pt made,rebound,,,,1627749|1627823|1627832|1628381|1628384|1629027|1629631|1630567|201152|203991,1610612761.0,22200235
3,PT10M50.00S,10:50,Q3 10:50,21.166666666666668,355,rebound,J. Collins REBOUND (Off:0 Def:8),[],Collins,59,62,,False,False,1628381,,3pt missed,2pt made,,,,1627749|1627823|1627832|1628381|1628384|1629027|1629631|1630567|201152|203991,1610612737.0,22200235
3,PT10M35.00S,10:35,Q3 10:35,21.416666666666668,356,2pt,D. Murray driving Layup (13 PTS),['pointsinthepaint'],Murray,61,62,Made,True,False,1627749,,rebound,2pt made,,,,1627749|1627823|1627832|1628381|1628384|1629027|1629631|1630567|201152|203991,1610612737.0,22200235
3,PT10M13.00S,10:13,Q3 10:13,21.783333333333335,357,2pt,S. Barnes driving Layup (15 PTS),['pointsinthepaint'],Barnes,61,64,Made,True,False,1630567,,2pt made,foul,,,,1627749|1627823|1627832|1628381|1628384|1629027|1629631|1630567|201152|203991,1610612761.0,22200235
3,PT09M58.00S,09:58,Q3 09:58,20.033333333333335,358,foul,T. Young personal FOUL (1 PF),[],Young,61,64,,False,False,201152,,2pt made,2pt made,1627749.0,,,1627749|1627823|1627832|1628381|1628384|1629027|1629631|1630567|201152|203991,1610612761.0,22200235
3,PT09M51.00S,09:51,Q3 09:51,20.15,360,2pt,D. Murray 8' turnaround fadeaway Jump Shot (15 PTS),[],Murray,63,64,Made,True,False,1627749,,foul,foul,,,,1627749|1627823|1627832|1628381|1628384|1629027|1629631|1630567|201152|203991,1610612737.0,22200235
3,PT09M39.00S,09:39,Q3 09:39,20.35,361,foul,J. Collins personal FOUL (3 PF),[],Collins,63,64,,False,False,1628381,,2pt made,2pt made,1630567.0,,,1627749|1627823|1627832|1628381|1628384|1629027|1629631|1630567|201152|203991,1610612737.0,22200235
3,PT09M35.00S,09:35,Q3 09:35,20.416666666666668,363,2pt,O. Anunoby driving DUNK (9 PTS) (S. Barnes 5 AST),['pointsinthepaint'],Anunoby,63,66,Made,True,True,1628384,1630567.0,foul,3pt missed,,,,1627749|1627823|1627832|1628381|1628384|1629027|1629631|1630567|201152|203991,1610612761.0,22200235
3,PT09M17.00S,09:17,Q3 09:17,20.716666666666665,365,3pt,MISS D. Murray 26' 3PT,[],Murray,63,66,Missed,True,False,1627749,,2pt made,rebound,,,,1627749|1627823|1627832|1628381|1628384|1629027|1629631|1630567|201152|203991,1610612737.0,22200235
3,PT09M14.00S,09:14,Q3 09:14,20.766666666666666,366,rebound,T. Young REBOUND (Off:2 Def:3),[],Young,63,66,,False,False,201152,,3pt missed,3pt missed,,,,1627749|1627823|1627832|1628381|1628384|1629027|1629631|1630567|201152|203991,1610612761.0,22200235
3,PT09M03.00S,09:03,Q3 09:03,20.95,367,3pt,MISS T. Young 25' 3PT,[],Young,63,66,Missed,True,False,201152,,rebound,rebound,,,,1627749|1627823|1627832|1628381|1628384|1629027|1629631|1630567|201152|203991,1610612761.0,22200235
3,PT08M59.00S,08:59,Q3 08:59,19.016666666666666,368,rebound,J. Collins REBOUND (Off:0 Def:9),[],Collins,63,66,,False,False,1628381,,3pt missed,2pt made,,,,1627749|1627823|1627832|1628381|1628384|1629027|1629631|1630567|201152|203991,1610612737.0,22200235
3,PT08M54.00S,08:54,Q3 08:54,19.1,369,2pt,C. Capela running DUNK (16 PTS) (D. Hunter 1 AST),"['pointsinthepaint', 'fastbreak']",Capela,65,66,Made,True,True,203991,1629631.0,rebound,2pt missed,,,,1627749|1627823|1627832|1628381|1628384|1629027|1629631|1630567|201152|203991,1610612737.0,22200235
3,PT08M41.00S,08:41,Q3 08:41,19.316666666666666,371,2pt,MISS S. Barnes 12' pullup Shot,['pointsinthepaint'],Barnes,65,66,Missed,True,False,1630567,,2pt made,rebound,,,,1627749|1627823|1627832|1628381|1628384|1629027|1629631|1630567|201152|203991,1610612761.0,22200235
3,PT08M37.00S,08:37,Q3 08:37,19.383333333333333,372,rebound,S. Barnes REBOUND (Off:2 Def:2),[],Barnes,65,66,,False,False,1630567,,2pt missed,2pt missed,,,,1627749|1627823|1627832|1628381|1628384|1629027|1629631|1630567|201152|203991,1610612761.0,22200235
3,PT08M37.00S,08:37,Q3 08:37,19.383333333333333,373,2pt,MISS S. Barnes tip Layup,"['pointsinthepaint', '2ndchance']",Barnes,65,66,Missed,True,False,1630567,,rebound,rebound,,,,1627749|1627823|1627832|1628381|1628384|1629027|1629631|1630567|201152|203991,1610612761.0,22200235
3,PT08M36.00S,08:36,Q3 08:36,19.4,374,rebound,J. Collins REBOUND (Off:0 Def:10),[],Collins,65,66,,False,False,1628381,,2pt missed,3pt made,,,,1627749|1627823|1627832|1628381|1628384|1629027|1629631|1630567|201152|203991,1610612737.0,22200235
3,PT08M33.00S,08:33,Q3 08:33,19.45,375,3pt,T. Young 25' 3PT running pullup (19 PTS),['fastbreak'],Young,68,66,Made,True,False,1629027,,rebound,3pt made,,,,1627749|1627823|1627832|1628381|1628384|1629027|1629631|1630567|201152|203991,1610612737.0,22200235
3,PT08M05.00S,08:05,Q3 08:05,19.916666666666668,377,3pt,F. VanVleet 26' 3PT step back (15 PTS),[],VanVleet,68,69,Made,True,False,1627832,,3pt made,2pt made,,,,1627749|1627823|1627832|1628381|1628384|1629027|1629631|1630567|201152|203991,1610612761.0,22200235
3,PT07M57.00S,07:57,Q3 07:57,18.05,378,2pt,D. Hunter running DUNK (6 PTS) (T. Young 6 AST),['pointsinthepaint'],Hunter,70,69,Made,True,True,1629631,1629027.0,3pt made,2pt missed,,,,1627749|1627823|1627832|1628381|1628384|1629027|1629631|1630567|201152|203991,1610612737.0,22200235
3,PT07M46.00S,07:46,Q3 07:46,18.233333333333334,380,2pt,MISS F. VanVleet driving Layup,['pointsinthepaint'],VanVleet,70,69,Missed,True,False,1627832,,2pt made,rebound,,,,1627749|1627823|1627832|1628381|1628384|1629027|1629631|1630567|201152|203991,1610612761.0,22200235
3,PT07M45.00S,07:45,Q3 07:45,18.25,381,rebound,TEAM offensive REBOUND,['team'],,70,69,,False,False,0,,2pt missed,3pt missed,,,,1627749|1627823|1627832|1628381|1628384|1629027|1629631|1630567|201152|203991,1610612761.0,22200235
3,PT07M36.00S,07:36,Q3 07:36,18.4,385,3pt,MISS O. Anunoby 24' 3PT,['2ndchance'],Anunoby,70,69,Missed,True,False,1628384,,rebound,rebound,,,,1627749|1627823|1627832|1628381|1628384|1629027|1629631|1630567|201152|203991,1610612761.0,22200235
3,PT07M33.00S,07:33,Q3 07:33,18.45,386,rebound,J. Collins REBOUND (Off:0 Def:11),[],Collins,70,69,,False,False,1628381,,3pt missed,2pt missed,,,,1627749|1627823|1627832|1628381|1628384|1629027|1629631|1630567|201152|203991,1610612737.0,22200235
3,PT07M26.00S,07:26,Q3 07:26,18.566666666666666,387,2pt,MISS C. Capela alley-oop Layup,['pointsinthepaint'],Capela,70,69,Missed,True,False,203991,,rebound,rebound,,,,1627749|1627823|1627832|1628381|1628384|1629027|1629631|1630567|201152|203991,1610612737.0,22200235
3,PT07M24.00S,07:24,Q3 07:24,18.6,388,rebound,T. Young REBOUND (Off:2 Def:4),[],Young,70,69,,False,False,201152,,2pt missed,2pt made,,,,1627749|1627823|1627832|1628381|1628384|1629027|1629631|1630567|201152|203991,1610612761.0,22200235
3,PT07M21.00S,07:21,Q3 07:21,18.65,389,2pt,S. Barnes running DUNK (17 PTS) (T. Young 3 AST),"['pointsinthepaint', 'fastbreak']",Barnes,70,71,Made,True,True,1630567,201152.0,rebound,foul,,,,1627749|1627823|1627832|1628381|1628384|1629027|1629631|1630567|201152|203991,1610612761.0,22200235
3,PT07M04.00S,07:04,Q3 07:04,18.933333333333334,391,foul,T. Young shooting personal FOUL (2 PF) (Collins 2 FT),['2freethrow'],Young,70,71,,False,False,201152,,2pt made,freethrow,1628381.0,,,1627749|1627823|1627832|1628381|1628384|1629027|1629631|1630567|201152|203991,1610612761.0,22200235
3,PT07M04.00S,07:04,Q3 07:04,18.933333333333334,393,freethrow,J. Collins Free Throw 1 of 2 (6 PTS),[],Collins,71,71,Made,False,False,1628381,,foul,substitution,,,,1627749|1627823|1627832|1628381|1628384|1629027|1629631|1630567|201152|203991,1610612737.0,22200235
3,PT07M04.00S,07:04,Q3 07:04,18.933333333333334,394,substitution,SUB out: C. Capela,[],Capela,71,71,,False,False,203991,,freethrow,substitution,,,,1627749|1627823|1627832|1628381|1628384|1629027|1629631|1630567|201152,1610612737.0,22200235
3,PT07M04.00S,07:04,Q3 07:04,18.933333333333334,395,substitution,SUB in: O. Okongwu,[],Okongwu,71,71,,False,False,1630168,,substitution,freethrow,,,,1627749|1627823|1627832|1628381|1628384|1629027|1629631|1630168|1630567|201152,1610612737.0,22200235
3,PT07M04.00S,07:04,Q3 07:04,18.933333333333334,396,freethrow,MISS J. Collins Free Throw 2 of 2,[],Collins,71,71,Missed,False,False,1628381,,substitution,rebound,,,,1627749|1627823|1627832|1628381|1628384|1629027|1629631|1630168|1630567|201152,1610612737.0,22200235
3,PT07M02.00S,07:02,Q3 07:02,18.966666666666665,397,rebound,J. Hernangomez REBOUND (Off:1 Def:5),[],Hernangomez,71,71,,False,False,1627823,,freethrow,2pt missed,,,,1627749|1627823|1627832|1628381|1628384|1629027|1629631|1630168|1630567|201152,1610612761.0,22200235
3,PT06M43.00S,06:43,Q3 06:43,17.283333333333335,398,2pt,MISS S. Barnes 21' step back Shot,[],Barnes,71,71,Missed,True,False,1630567,,rebound,rebound,,,,1627749|1627823|1627832|1628381|1628384|1629027|1629631|1630168|1630567|201152,1610612761.0,22200235
3,PT06M41.00S,06:41,Q3 06:41,17.316666666666666,399,rebound,O. Okongwu REBOUND (Off:0 Def:2),[],Okongwu,71,71,,False,False,1630168,,2pt missed,3pt missed,,,,1627749|1627823|1627832|1628381|1628384|1629027|1629631|1630168|1630567|201152,1610612737.0,22200235
3,PT06M33.00S,06:33,Q3 06:33,17.45,400,3pt,MISS T. Young 25' step back 3PT,[],Young,71,71,Missed,True,False,1629027,,rebound,rebound,,,,1627749|1627823|1627832|1628381|1628384|1629027|1629631|1630168|1630567|201152,1610612737.0,22200235
3,PT06M29.00S,06:29,Q3 06:29,17.516666666666666,401,rebound,O. Anunoby REBOUND (Off:0 Def:1),[],Anunoby,71,71,,False,False,1628384,,3pt missed,turnover,,,,1627749|1627823|1627832|1628381|1628384|1629027|1629631|1630168|1630567|201152,1610612761.0,22200235
3,PT06M27.00S,06:27,Q3 06:27,17.55,402,turnover,S. Barnes bad pass TURNOVER (2 TO),[],Barnes,71,71,,False,False,1630567,,rebound,timeout,,,,1627749|1627823|1627832|1628381|1628384|1629027|1629631|1630168|1630567|201152,1610612761.0,22200235
3,PT06M27.00S,06:27,Q3 06:27,17.55,403,timeout,ATL Timeout,"['team', 'mandatory']",,71,71,,False,False,0,,turnover,substitution,,,,1627749|1627823|1627832|1628381|1628384|1629027|1629631|1630168|1630567|201152,1610612737.0,22200235
3,PT06M27.00S,06:27,Q3 06:27,17.55,405,substitution,SUB out: T. Young,[],Young,71,71,,False,False,1629027,,timeout,substitution,,,,1627749|1627823|1627832|1628381|1628384|1629631|1630168|1630567|201152,1610612737.0,22200235
3,PT06M27.00S,06:27,Q3 06:27,17.55,406,substitution,SUB out: J. Hernangomez,[],Hernangomez,71,71,,False,False,1627823,,substitution,substitution,,,,1627749|1627832|1628381|1628384|1629631|1630168|1630567|201152,1610612761.0,22200235
3,PT06M27.00S,06:27,Q3 06:27,17.55,407,substitution,SUB in: A. Griffin,[],Griffin,71,71,,False,False,1631100,,substitution,substitution,,,,1627749|1627832|1628381|1628384|1629631|1630168|1630567|1631100|201152,1610612737.0,22200235
3,PT06M27.00S,06:27,Q3 06:27,17.55,408,substitution,SUB in: C. Koloko,[],Koloko,71,71,,False,False,1631132,,substitution,2pt missed,,,,1627749|1627832|1628381|1628384|1629631|1630168|1630567|1631100|1631132|201152,1610612761.0,22200235
3,PT06M10.00S,06:10,Q3 06:10,17.833333333333332,409,2pt,MISS D. Hunter 18' pullup Shot,['fromturnover'],Hunter,71,71,Missed,True,False,1629631,,substitution,rebound,,,,1627749|1627832|1628381|1628384|1629631|1630168|1630567|1631100|1631132|201152,1610612737.0,22200235
3,PT06M06.00S,06:06,Q3 06:06,17.9,410,rebound,A. Griffin REBOUND (Off:1 Def:2),[],Griffin,71,71,,False,False,1631100,,2pt missed,turnover,,,,1627749|1627832|1628381|1628384|1629631|1630168|1630567|1631100|1631132|201152,1610612737.0,22200235
3,PT06M03.00S,06:03,Q3 06:03,17.95,411,turnover,J. Collins lost ball TURNOVER (3 TO),[],Collins,71,71,,False,False,1628381,,rebound,steal,,201152.0,,1627749|1627832|1628381|1628384|1629631|1630168|1630567|1631100|1631132|201152,1610612737.0,22200235
3,PT06M03.00S,06:03,Q3 06:03,17.95,412,steal,T. Young STEAL (4 STL),[],Young,71,71,,False,False,201152,,turnover,2pt made,,,,1627749|1627832|1628381|1628384|1629631|1630168|1630567|1631100|1631132|201152,1610612761.0,22200235
3,PT05M59.00S,05:59,Q3 05:59,16.016666666666666,413,2pt,O. Anunoby running DUNK (11 PTS) (S. Barnes 6 AST),"['pointsinthepaint', 'fromturnover', 'fastbreak']",Anunoby,71,73,Made,True,True,1628384,1630567.0,steal,turnover,,,,1627749|1627832|1628381|1628384|1629631|1630168|1630567|1631100|1631132|201152,1610612761.0,22200235
3,PT05M46.00S,05:46,Q3 05:46,16.233333333333334,415,turnover,J. Collins bad pass TURNOVER (4 TO),[],Collins,71,73,,False,False,1628381,,2pt made,steal,,1628384.0,,1627749|1627832|1628381|1628384|1629631|1630168|1630567|1631100|1631132|201152,1610612737.0,22200235
3,PT05M46.00S,05:46,Q3 05:46,16.233333333333334,416,steal,O. Anunoby STEAL (2 STL),[],Anunoby,71,73,,False,False,1628384,,turnover,foul,,,,1627749|1627832|1628381|1628384|1629631|1630168|1630567|1631100|1631132|201152,1610612761.0,22200235
3,PT05M29.00S,05:29,Q3 05:29,16.516666666666666,417,foul,D. Hunter personal FOUL (2 PF),[],Hunter,71,73,,False,False,1629631,,steal,substitution,1627832.0,,,1627749|1627832|1628381|1628384|1629631|1630168|1630567|1631100|1631132|201152,1610612737.0,22200235
3,PT05M29.00S,05:29,Q3 05:29,16.516666666666666,419,substitution,SUB out: S. Barnes,[],Barnes,71,73,,False,False,1630567,,foul,substitution,,,,1627749|1627832|1628381|1628384|1629631|1630168|1631100|1631132|201152,1610612761.0,22200235
3,PT05M29.00S,05:29,Q3 05:29,16.516666666666666,420,substitution,SUB in: M. Flynn,[],Flynn,71,73,,False,False,1630201,,substitution,3pt missed,,,,1627749|1627832|1628381|1628384|1629631|1630168|1630201|1631100|1631132|201152,1610612761.0,22200235
3,PT05M19.00S,05:19,Q3 05:19,16.683333333333334,422,3pt,MISS F. VanVleet 25' 3PT,['fromturnover'],VanVleet,71,73,Missed,True,False,1627832,,substitution,rebound,,,,1627749|1627832|1628381|1628384|1629631|1630168|1630201|1631100|1631132|201152,1610612761.0,22200235
3,PT05M15.00S,05:15,Q3 05:15,16.75,423,rebound,C. Koloko REBOUND (Off:2 Def:2),[],Koloko,71,73,,False,False,1631132,,3pt missed,2pt made,,,,1627749|1627832|1628381|1628384|1629631|1630168|1630201|1631100|1631132|201152,1610612761.0,22200235
3,PT05M08.00S,05:08,Q3 05:08,16.866666666666667,424,2pt,O. Anunoby driving Layup (13 PTS) (T. Young 4 AST),"['pointsinthepaint', 'fromturnover', '2ndchance']",Anunoby,71,75,Made,True,True,1628384,201152.0,rebound,timeout,,,,1627749|1627832|1628381|1628384|1629631|1630168|1630201|1631100|1631132|201152,1610612761.0,22200235
3,PT05M07.00S,05:07,Q3 05:07,16.883333333333333,425,timeout,ATL Timeout,"['team', 'mandatory']",,71,75,,False,False,0,,2pt made,substitution,,,,1627749|1627832|1628381|1628384|1629631|1630168|1630201|1631100|1631132|201152,1610612737.0,22200235
3,PT05M07.00S,05:07,Q3 05:07,16.883333333333333,426,substitution,SUB out: D. Murray,[],Murray,71,75,,False,False,1627749,,timeout,substitution,,,,1627832|1628381|1628384|1629631|1630168|1630201|1631100|1631132|201152,1610612737.0,22200235
3,PT05M07.00S,05:07,Q3 05:07,16.883333333333333,427,substitution,SUB in: T. Young,[],Young,71,75,,False,False,1629027,,substitution,2pt made,,,,1627832|1628381|1628384|1629027|1629631|1630168|1630201|1631100|1631132|201152,1610612737.0,22200235
3,PT04M50.00S,04:50,Q3 04:50,15.166666666666666,428,2pt,D. Hunter driving Layup (8 PTS) (J. Collins 4 AST),['pointsinthepaint'],Hunter,73,75,Made,True,True,1629631,1628381.0,substitution,2pt missed,,,,1627832|1628381|1628384|1629027|1629631|1630168|1630201|1631100|1631132|201152,1610612737.0,22200235
3,PT04M33.00S,04:33,Q3 04:33,15.45,430,2pt,MISS O. Anunoby 11' turnaround fadeaway Shot,['pointsinthepaint'],Anunoby,73,75,Missed,True,False,1628384,,2pt made,rebound,,,,1627832|1628381|1628384|1629027|1629631|1630168|1630201|1631100|1631132|201152,1610612761.0,22200235
3,PT04M30.00S,04:30,Q3 04:30,15.5,431,rebound,O. Okongwu REBOUND (Off:0 Def:3),[],Okongwu,73,75,,False,False,1630168,,2pt missed,foul,,,,1627832|1628381|1628384|1629027|1629631|1630168|1630201|1631100|1631132|201152,1610612737.0,22200235
3,PT04M22.00S,04:22,Q3 04:22,15.633333333333333,432,foul,M. Flynn personal FOUL (1 PF),[],Flynn,73,75,,False,False,1630201,,rebound,substitution,1631100.0,,,1627832|1628381|1628384|1629027|1629631|1630168|1630201|1631100|1631132|201152,1610612761.0,22200235
3,PT04M22.00S,04:22,Q3 04:22,15.633333333333333,434,substitution,SUB out: O. Anunoby,[],Anunoby,73,75,,False,False,1628384,,foul,substitution,,,,1627832|1628381|1629027|1629631|1630168|1630201|1631100|1631132|201152,1610612761.0,22200235
3,PT04M22.00S,04:22,Q3 04:22,15.633333333333333,435,substitution,SUB in: S. Barnes,[],Barnes,73,75,,False,False,1630567,,substitution,foul,,,,1627832|1628381|1629027|1629631|1630168|1630201|1630567|1631100|1631132|201152,1610612761.0,22200235
3,PT04M21.00S,04:21,Q3 04:21,15.65,437,foul,M. Flynn shooting personal FOUL (2 PF) (Okongwu 2 FT),['2freethrow'],Flynn,73,75,,False,False,1630201,,substitution,freethrow,1630168.0,,,1627832|1628381|1629027|1629631|1630168|1630201|1630567|1631100|1631132|201152,1610612761.0,22200235
3,PT04M21.00S,04:21,Q3 04:21,15.65,439,freethrow,MISS O. Okongwu Free Throw 1 of 2,[],Okongwu,73,75,Missed,False,False,1630168,,foul,rebound,,,,1627832|1628381|1629027|1629631|1630168|1630201|1630567|1631100|1631132|201152,1610612737.0,22200235
3,PT04M21.00S,04:21,Q3 04:21,15.65,440,rebound,TEAM offensive REBOUND,"['deadball', 'team']",,73,75,,False,False,0,,freethrow,freethrow,,,,1627832|1628381|1629027|1629631|1630168|1630201|1630567|1631100|1631132|201152,1610612737.0,22200235
3,PT04M21.00S,04:21,Q3 04:21,15.65,441,freethrow,O. Okongwu Free Throw 2 of 2 (3 PTS),[],Okongwu,74,75,Made,False,False,1630168,,rebound,2pt made,,,,1627832|1628381|1629027|1629631|1630168|1630201|1630567|1631100|1631132|201152,1610612737.0,22200235
3,PT03M58.00S,03:58,Q3 03:58,14.033333333333333,442,2pt,C. Koloko DUNK (2 PTS) (F. VanVleet 4 AST),['pointsinthepaint'],Koloko,74,77,Made,True,True,1631132,1627832.0,freethrow,foul,,,,1627832|1628381|1629027|1629631|1630168|1630201|1630567|1631100|1631132|201152,1610612761.0,22200235
3,PT03M44.00S,03:44,Q3 03:44,14.266666666666667,444,foul,F. VanVleet shooting personal FOUL (1 PF) (Hunter 2 FT),"['inpenalty', '2freethrow']",VanVleet,74,77,,False,False,1627832,,2pt made,timeout,1629631.0,,,1627832|1628381|1629027|1629631|1630168|1630201|1630567|1631100|1631132|201152,1610612761.0,22200235
3,PT03M44.00S,03:44,Q3 03:44,14.266666666666667,446,timeout,TOR Timeout,['team'],,74,77,,False,False,0,,foul,substitution,,,,1627832|1628381|1629027|1629631|1630168|1630201|1630567|1631100|1631132|201152,1610612761.0,22200235
3,PT03M44.00S,03:44,Q3 03:44,14.266666666666667,448,substitution,SUB out: O. Okongwu,[],Okongwu,74,77,,False,False,1630168,,timeout,substitution,,,,1627832|1628381|1629027|1629631|1630201|1630567|1631100|1631132|201152,1610612737.0,22200235
3,PT03M44.00S,03:44,Q3 03:44,14.266666666666667,449,substitution,SUB out: J. Collins,[],Collins,74,77,,False,False,1628381,,substitution,substitution,,,,1627832|1629027|1629631|1630201|1630567|1631100|1631132|201152,1610612737.0,22200235
3,PT03M44.00S,03:44,Q3 03:44,14.266666666666667,451,substitution,SUB in: C. Capela,[],Capela,74,77,,False,False,203991,,substitution,substitution,,,,1627832|1629027|1629631|1630201|1630567|1631100|1631132|201152|203991,1610612737.0,22200235
3,PT03M44.00S,03:44,Q3 03:44,14.266666666666667,452,substitution,SUB in: J. Holiday,[],Holiday,74,77,,False,False,203200,,substitution,substitution,,,,1627832|1629027|1629631|1630201|1630567|1631100|1631132|201152|203200|203991,1610612737.0,22200235
3,PT03M44.00S,03:44,Q3 03:44,14.266666666666667,453,substitution,SUB in: J. Hernangomez,[],Hernangomez,74,77,,False,False,1627823,,substitution,substitution,,,,1627823|1627832|1629027|1629631|1630201|1630567|1631100|1631132|201152|203200|203991,1610612761.0,22200235
3,PT03M44.00S,03:44,Q3 03:44,14.266666666666667,454,substitution,SUB out: T. Young,[],Young,74,77,,False,False,201152,,substitution,freethrow,,,,1627823|1627832|1629027|1629631|1630201|1630567|1631100|1631132|203200|203991,1610612761.0,22200235
3,PT03M44.00S,03:44,Q3 03:44,14.266666666666667,455,freethrow,D. Hunter Free Throw 1 of 2 (9 PTS),[],Hunter,75,77,Made,False,False,1629631,,substitution,freethrow,,,,1627823|1627832|1629027|1629631|1630201|1630567|1631100|1631132|203200|203991,1610612737.0,22200235
3,PT03M44.00S,03:44,Q3 03:44,14.266666666666667,456,freethrow,D. Hunter Free Throw 2 of 2 (10 PTS),[],Hunter,76,77,Made,False,False,1629631,,freethrow,2pt missed,,,,1627823|1627832|1629027|1629631|1630201|1630567|1631100|1631132|203200|203991,1610612737.0,22200235
3,PT03M28.00S,03:28,Q3 03:28,14.533333333333333,457,2pt,MISS S. Barnes 15' Hook,[],Barnes,76,77,Missed,True,False,1630567,,freethrow,rebound,,,,1627823|1627832|1629027|1629631|1630201|1630567|1631100|1631132|203200|203991,1610612761.0,22200235
3,PT03M27.00S,03:27,Q3 03:27,14.55,458,rebound,TEAM offensive REBOUND,['team'],,76,77,,False,False,0,,2pt missed,foul,,,,1627823|1627832|1629027|1629631|1630201|1630567|1631100|1631132|203200|203991,1610612761.0,22200235
3,PT03M26.00S,03:26,Q3 03:26,14.566666666666666,461,foul,C. Capela loose ball personal FOUL (2 PF),[],Capela,76,77,,False,False,203991,,rebound,3pt missed,1631132.0,,,1627823|1627832|1629027|1629631|1630201|1630567|1631100|1631132|203200|203991,1610612737.0,22200235
3,PT03M19.00S,03:19,Q3 03:19,14.683333333333334,463,3pt,MISS C. Koloko 3PT,['2ndchance'],Koloko,76,77,Missed,True,False,1631132,,foul,rebound,,,,1627823|1627832|1629027|1629631|1630201|1630567|1631100|1631132|203200|203991,1610612761.0,22200235
3,PT03M17.00S,03:17,Q3 03:17,14.716666666666667,464,rebound,C. Koloko REBOUND (Off:3 Def:2),[],Koloko,76,77,,False,False,1631132,,3pt missed,3pt made,,,,1627823|1627832|1629027|1629631|1630201|1630567|1631100|1631132|203200|203991,1610612761.0,22200235
3,PT03M12.00S,03:12,Q3 03:12,14.8,465,3pt,S. Barnes 25' 3PT  (20 PTS) (M. Flynn 1 AST),['2ndchance'],Barnes,76,80,Made,True,True,1630567,1630201.0,rebound,2pt made,,,,1627823|1627832|1629027|1629631|1630201|1630567|1631100|1631132|203200|203991,1610612761.0,22200235
3,PT02M57.00S,02:57,Q3 02:57,13.05,467,2pt,C. Capela alley-oop Layup (18 PTS) (T. Young 7 AST),['pointsinthepaint'],Capela,78,80,Made,True,True,203991,1629027.0,3pt made,2pt made,,,,1627823|1627832|1629027|1629631|1630201|1630567|1631100|1631132|203200|203991,1610612737.0,22200235
3,PT02M45.00S,02:45,Q3 02:45,13.25,469,2pt,S. Barnes driving floating bank Jump Shot (22 PTS),['pointsinthepaint'],Barnes,78,82,Made,True,False,1630567,,2pt made,3pt missed,,,,1627823|1627832|1629027|1629631|1630201|1630567|1631100|1631132|203200|203991,1610612761.0,22200235
3,PT02M34.00S,02:34,Q3 02:34,13.433333333333334,470,3pt,MISS J. Holiday 3PT,[],Holiday,78,82,Missed,True,False,203200,,2pt made,rebound,,,,1627823|1627832|1629027|1629631|1630201|1630567|1631100|1631132|203200|203991,1610612737.0,22200235
3,PT02M31.00S,02:31,Q3 02:31,13.483333333333333,471,rebound,J. Hernangomez REBOUND (Off:1 Def:6),[],Hernangomez,78,82,,False,False,1627823,,3pt missed,foul,,,,1627823|1627832|1629027|1629631|1630201|1630567|1631100|1631132|203200|203991,1610612761.0,22200235
3,PT02M16.00S,02:16,Q3 02:16,13.733333333333333,472,foul,A. Griffin personal FOUL (1 PF),[],Griffin,78,82,,False,False,1631100,,rebound,3pt missed,1627832.0,,,1627823|1627832|1629027|1629631|1630201|1630567|1631100|1631132|203200|203991,1610612737.0,22200235
3,PT02M10.00S,02:10,Q3 02:10,13.833333333333334,474,3pt,MISS F. VanVleet 25' step back 3PT,[],VanVleet,78,82,Missed,True,False,1627832,,foul,rebound,,,,1627823|1627832|1629027|1629631|1630201|1630567|1631100|1631132|203200|203991,1610612761.0,22200235
3,PT02M07.00S,02:07,Q3 02:07,13.883333333333333,475,rebound,C. Koloko REBOUND (Off:4 Def:2),[],Koloko,78,82,,False,False,1631132,,3pt missed,2pt missed,,,,1627823|1627832|1629027|1629631|1630201|1630567|1631100|1631132|203200|203991,1610612761.0,22200235
3,PT02M04.00S,02:04,Q3 02:04,13.933333333333334,476,2pt,MISS M. Flynn 12' driving floating Shot,"['pointsinthepaint', '2ndchance']",Flynn,78,82,Missed,True,False,1630201,,rebound,rebound,,,,1627823|1627832|1629027|1629631|1630201|1630567|1631100|1631132|203200|203991,1610612761.0,22200235
3,PT02M04.00S,02:04,Q3 02:04,13.933333333333334,477,rebound,C. Capela REBOUND (Off:5 Def:4),[],Capela,78,82,,False,False,203991,,2pt missed,2pt made,,,,1627823|1627832|1629027|1629631|1630201|1630567|1631100|1631132|203200|203991,1610612737.0,22200235
3,PT01M47.00S,01:47,Q3 01:47,12.216666666666667,478,2pt,J. Holiday cutting Layup (2 PTS) (T. Young 8 AST),['pointsinthepaint'],Holiday,80,82,Made,True,True,203200,1629027.0,rebound,2pt missed,,,,1627823|1627832|1629027|1629631|1630201|1630567|1631100|1631132|203200|203991,1610612737.0,22200235
3,PT01M30.00S,01:30,Q3 01:30,12.5,480,2pt,MISS F. VanVleet driving Layup,['pointsinthepaint'],VanVleet,80,82,Missed,True,False,1627832,,2pt made,rebound,,,,1627823|1627832|1629027|1629631|1630201|1630567|1631100|1631132|203200|203991,1610612761.0,22200235
3,PT01M27.00S,01:27,Q3 01:27,12.55,481,rebound,C. Capela REBOUND (Off:5 Def:5),[],Capela,80,82,,False,False,203991,,2pt missed,foul,,,,1627823|1627832|1629027|1629631|1630201|1630567|1631100|1631132|203200|203991,1610612737.0,22200235
3,PT01M24.00S,01:24,Q3 01:24,12.6,482,foul,M. Flynn personal FOUL (3 PF) (Young 2 FT),"['inpenalty', '2freethrow']",Flynn,80,82,,False,False,1630201,,rebound,freethrow,1629027.0,,,1627823|1627832|1629027|1629631|1630201|1630567|1631100|1631132|203200|203991,1610612761.0,22200235
3,PT01M24.00S,01:24,Q3 01:24,12.6,484,freethrow,MISS T. Young Free Throw 1 of 2,[],Young,80,82,Missed,False,False,1629027,,foul,rebound,,,,1627823|1627832|1629027|1629631|1630201|1630567|1631100|1631132|203200|203991,1610612737.0,22200235
3,PT01M24.00S,01:24,Q3 01:24,12.6,485,rebound,TEAM offensive REBOUND,"['team', 'deadball']",,80,82,,False,False,0,,freethrow,substitution,,,,1627823|1627832|1629027|1629631|1630201|1630567|1631100|1631132|203200|203991,1610612737.0,22200235
3,PT01M24.00S,01:24,Q3 01:24,12.6,486,substitution,SUB out: F. VanVleet,[],VanVleet,80,82,,False,False,1627832,,rebound,substitution,,,,1627823|1629027|1629631|1630201|1630567|1631100|1631132|203200|203991,1610612761.0,22200235
3,PT01M24.00S,01:24,Q3 01:24,12.6,487,substitution,SUB in: O. Anunoby,[],Anunoby,80,82,,False,False,1628384,,substitution,freethrow,,,,1627823|1628384|1629027|1629631|1630201|1630567|1631100|1631132|203200|203991,1610612761.0,22200235
3,PT01M24.00S,01:24,Q3 01:24,12.6,488,freethrow,MISS T. Young Free Throw 2 of 2,[],Young,80,82,Missed,False,False,1629027,,substitution,rebound,,,,1627823|1628384|1629027|1629631|1630201|1630567|1631100|1631132|203200|203991,1610612737.0,22200235
3,PT01M22.00S,01:22,Q3 01:22,12.633333333333333,489,rebound,J. Hernangomez REBOUND (Off:1 Def:7),[],Hernangomez,80,82,,False,False,1627823,,freethrow,3pt made,,,,1627823|1628384|1629027|1629631|1630201|1630567|1631100|1631132|203200|203991,1610612761.0,22200235
3,PT01M04.00S,01:04,Q3 01:04,12.933333333333334,490,3pt,M. Flynn 26' 3PT  (11 PTS) (S. Barnes 7 AST),[],Flynn,80,85,Made,True,True,1630201,1630567.0,rebound,2pt missed,,,,1627823|1628384|1629027|1629631|1630201|1630567|1631100|1631132|203200|203991,1610612761.0,22200235
3,PT00M50.60S,00:50,Q3 00:50,11.166666666666666,492,2pt,MISS T. Young 8' driving floating Shot - blocked,['pointsinthepaint'],Young,80,85,Missed,True,False,1629027,,3pt made,block,,,1631132.0,1627823|1628384|1629027|1629631|1630201|1630567|1631100|1631132|203200|203991,1610612737.0,22200235
3,PT00M50.60S,00:50,Q3 00:50,11.166666666666666,493,block,C. Koloko BLOCK (2 BLK),[],Koloko,80,85,,False,False,1631132,,2pt missed,rebound,,,,1627823|1628384|1629027|1629631|1630201|1630567|1631100|1631132|203200|203991,1610612761.0,22200235
3,PT00M46.90S,00:46,Q3 00:46,11.233333333333333,494,rebound,S. Barnes REBOUND (Off:2 Def:3),[],Barnes,80,85,,False,False,1630567,,block,timeout,,,,1627823|1628384|1629027|1629631|1630201|1630567|1631100|1631132|203200|203991,1610612761.0,22200235
3,PT00M46.20S,00:46,Q3 00:46,11.233333333333333,497,timeout,ATL Timeout,['team'],,80,85,,False,False,0,,rebound,2pt missed,,,,1627823|1628384|1629027|1629631|1630201|1630567|1631100|1631132|203200|203991,1610612737.0,22200235
3,PT00M46.20S,00:46,Q3 00:46,11.233333333333333,499,2pt,MISS O. Anunoby running Layup - blocked,"['fastbreak', 'pointsinthepaint']",Anunoby,80,85,Missed,True,False,1628384,,timeout,block,,,1631100.0,1627823|1628384|1629027|1629631|1630201|1630567|1631100|1631132|203200|203991,1610612761.0,22200235
3,PT00M46.20S,00:46,Q3 00:46,11.233333333333333,500,block,A. Griffin BLOCK (1 BLK),[],Griffin,80,85,,False,False,1631100,,2pt missed,rebound,,,,1627823|1628384|1629027|1629631|1630201|1630567|1631100|1631132|203200|203991,1610612737.0,22200235
3,PT00M46.20S,00:46,Q3 00:46,11.233333333333333,501,rebound,TEAM defensive REBOUND,['team'],,80,85,,False,False,0,,block,2pt made,,,,1627823|1628384|1629027|1629631|1630201|1630567|1631100|1631132|203200|203991,1610612737.0,22200235
3,PT00M32.60S,00:32,Q3 00:32,11.466666666666667,503,2pt,D. Hunter cutting DUNK (12 PTS) (T. Young 9 AST),['pointsinthepaint'],Hunter,82,85,Made,True,True,1629631,1629027.0,rebound,2pt made,,,,1627823|1628384|1629027|1629631|1630201|1630567|1631100|1631132|203200|203991,1610612737.0,22200235
3,PT00M12.40S,00:12,Q3 00:12,11.8,505,2pt,M. Flynn 13' pullup Jump Shot (13 PTS),['pointsinthepaint'],Flynn,82,87,Made,True,False,1630201,,2pt made,3pt missed,,,,1627823|1628384|1629027|1629631|1630201|1630567|1631100|1631132|203200|203991,1610612761.0,22200235
3,PT00M01.50S,00:01,Q3 00:01,11.983333333333333,506,3pt,MISS J. Holiday 3PT,[],Holiday,82,87,Missed,True,False,203200,,2pt made,rebound,,,,1627823|1628384|1629027|1629631|1630201|1630567|1631100|1631132|203200|203991,1610612737.0,22200235
3,PT00M01.10S,00:01,Q3 00:01,11.983333333333333,507,rebound,TEAM defensive REBOUND,['team'],,82,87,,False,False,0,,3pt missed,foul,,,,1627823|1628384|1629027|1629631|1630201|1630567|1631100|1631132|203200|203991,1610612761.0,22200235
3,PT00M01.10S,00:01,Q3 00:01,11.983333333333333,508,foul,C. Capela loose ball personal FOUL (3 PF) (Barnes 2 FT),"['inpenalty', '2freethrow']",Capela,82,87,,False,False,203991,,rebound,freethrow,1630567.0,,,1627823|1628384|1629027|1629631|1630201|1630567|1631100|1631132|203200|203991,1610612737.0,22200235
3,PT00M01.10S,00:01,Q3 00:01,11.983333333333333,510,freethrow,S. Barnes Free Throw 1 of 2 (23 PTS),[],Barnes,82,88,Made,False,False,1630567,,foul,freethrow,,,,1627823|1628384|1629027|1629631|1630201|1630567|1631100|1631132|203200|203991,1610612761.0,22200235
3,PT00M01.10S,00:01,Q3 00:01,11.983333333333333,511,freethrow,S. Barnes Free Throw 2 of 2 (24 PTS),[],Barnes,82,89,Made,False,False,1630567,,freethrow,substitution,,,,1627823|1628384|1629027|1629631|1630201|1630567|1631100|1631132|203200|203991,1610612761.0,22200235
4,PT12M00.00S,12:00,Q4 12:00,12.0,513,substitution,SUB out: T. Young,['startperiod'],Young,82,89,,False,False,1629027,,freethrow,substitution,,,,1627823|1628384|1629631|1630201|1630567|1631100|1631132|203200|203991,1610612737.0,22200235
4,PT12M00.00S,12:00,Q4 12:00,12.0,514,substitution,SUB out: D. Hunter,['startperiod'],Hunter,82,89,,False,False,1629631,,substitution,substitution,,,,1627823|1628384|1630201|1630567|1631100|1631132|203200|203991,1610612737.0,22200235
4,PT12M00.00S,12:00,Q4 12:00,12.0,515,substitution,SUB out: C. Capela,['startperiod'],Capela,82,89,,False,False,203991,,substitution,substitution,,,,1627823|1628384|1630201|1630567|1631100|1631132|203200,1610612737.0,22200235
4,PT12M00.00S,12:00,Q4 12:00,12.0,516,substitution,SUB in: D. Murray,['startperiod'],Murray,82,89,,False,False,1627749,,substitution,substitution,,,,1627749|1627823|1628384|1630201|1630567|1631100|1631132|203200,1610612737.0,22200235
4,PT12M00.00S,12:00,Q4 12:00,12.0,517,substitution,SUB in: O. Okongwu,['startperiod'],Okongwu,82,89,,False,False,1630168,,substitution,substitution,,,,1627749|1627823|1628384|1630168|1630201|1630567|1631100|1631132|203200,1610612737.0,22200235
4,PT12M00.00S,12:00,Q4 12:00,12.0,518,substitution,SUB in: J. Collins,['startperiod'],Collins,82,89,,False,False,1628381,,substitution,3pt missed,,,,1627749|1627823|1628381|1628384|1630168|1630201|1630567|1631100|1631132|203200,1610612737.0,22200235
4,PT11M45.00S,11:45,Q4 11:45,10.25,520,3pt,MISS A. Griffin 24' 3PT,[],Griffin,82,89,Missed,True,False,1631100,,substitution,rebound,,,,1627749|1627823|1628381|1628384|1630168|1630201|1630567|1631100|1631132|203200,1610612737.0,22200235
4,PT11M41.00S,11:41,Q4 11:41,10.316666666666666,521,rebound,O. Anunoby REBOUND (Off:0 Def:2),[],Anunoby,82,89,,False,False,1628384,,3pt missed,2pt made,,,,1627749|1627823|1628381|1628384|1630168|1630201|1630567|1631100|1631132|203200,1610612761.0,22200235
4,PT11M30.00S,11:30,Q4 11:30,10.5,522,2pt,S. Barnes 9' turnaround Jump Shot (26 PTS) (O. Anunoby 5 AST),['pointsinthepaint'],Barnes,82,91,Made,True,True,1630567,1628384.0,rebound,3pt made,,,,1627749|1627823|1628381|1628384|1630168|1630201|1630567|1631100|1631132|203200,1610612761.0,22200235
4,PT11M13.00S,11:13,Q4 11:13,10.783333333333333,523,3pt,J. Holiday 25' 3PT pullup bank (5 PTS),[],Holiday,85,91,Made,True,False,203200,,2pt made,2pt missed,,,,1627749|1627823|1628381|1628384|1630168|1630201|1630567|1631100|1631132|203200,1610612737.0,22200235
4,PT10M57.00S,10:57,Q4 10:57,9.05,524,2pt,MISS S. Barnes 7' driving Hook,['pointsinthepaint'],Barnes,85,91,Missed,True,False,1630567,,3pt made,rebound,,,,1627749|1627823|1628381|1628384|1630168|1630201|1630567|1631100|1631132|203200,1610612761.0,22200235
4,PT10M54.00S,10:54,Q4 10:54,9.1,525,rebound,D. Murray REBOUND (Off:0 Def:5),[],Murray,85,91,,False,False,1627749,,2pt missed,turnover,,,,1627749|1627823|1628381|1628384|1630168|1630201|1630567|1631100|1631132|203200,1610612737.0,22200235
4,PT10M44.00S,10:44,Q4 10:44,9.266666666666667,526,turnover,J. Holiday lost ball TURNOVER (1 TO),[],Holiday,85,91,,False,False,203200,,rebound,steal,,1630201.0,,1627749|1627823|1628381|1628384|1630168|1630201|1630567|1631100|1631132|203200,1610612737.0,22200235
4,PT10M44.00S,10:44,Q4 10:44,9.266666666666667,527,steal,M. Flynn STEAL (2 STL),[],Flynn,85,91,,False,False,1630201,,turnover,turnover,,,,1627749|1627823|1628381|1628384|1630168|1630201|1630567|1631100|1631132|203200,1610612761.0,22200235
4,PT10M38.00S,10:38,Q4 10:38,9.366666666666667,528,turnover,J. Hernangomez offensive goaltending TURNOVER (1 TO),[],Hernangomez,85,91,,False,False,1627823,,steal,2pt made,,,,1627749|1627823|1628381|1628384|1630168|1630201|1630567|1631100|1631132|203200,1610612761.0,22200235
4,PT10M25.00S,10:25,Q4 10:25,9.583333333333334,529,2pt,A. Griffin driving floating Jump Shot (9 PTS),"['pointsinthepaint', 'fromturnover']",Griffin,87,91,Made,True,False,1631100,,turnover,3pt missed,,,,1627749|1627823|1628381|1628384|1630168|1630201|1630567|1631100|1631132|203200,1610612737.0,22200235
4,PT10M08.00S,10:08,Q4 10:08,9.866666666666667,530,3pt,MISS O. Anunoby 3PT,[],Anunoby,87,91,Missed,True,False,1628384,,2pt made,rebound,,,,1627749|1627823|1628381|1628384|1630168|1630201|1630567|1631100|1631132|203200,1610612761.0,22200235
4,PT10M04.00S,10:04,Q4 10:04,9.933333333333334,531,rebound,O. Okongwu REBOUND (Off:0 Def:4),[],Okongwu,87,91,,False,False,1630168,,3pt missed,2pt missed,,,,1627749|1627823|1628381|1628384|1630168|1630201|1630567|1631100|1631132|203200,1610612737.0,22200235
4,PT10M00.00S,10:00,Q4 10:00,10.0,532,2pt,MISS J. Holiday running Layup - blocked,"['pointsinthepaint', 'fastbreak']",Holiday,87,91,Missed,True,False,203200,,rebound,block,,,1630567.0,1627749|1627823|1628381|1628384|1630168|1630201|1630567|1631100|1631132|203200,1610612737.0,22200235
4,PT10M00.00S,10:00,Q4 10:00,10.0,533,block,S. Barnes BLOCK (2 BLK),[],Barnes,87,91,,False,False,1630567,,2pt missed,rebound,,,,1627749|1627823|1628381|1628384|1630168|1630201|1630567|1631100|1631132|203200,1610612761.0,22200235
4,PT09M58.00S,09:58,Q4 09:58,8.033333333333333,534,rebound,M. Flynn REBOUND (Off:0 Def:3),[],Flynn,87,91,,False,False,1630201,,block,2pt made,,,,1627749|1627823|1628381|1628384|1630168|1630201|1630567|1631100|1631132|203200,1610612761.0,22200235
4,PT09M52.00S,09:52,Q4 09:52,8.133333333333333,535,2pt,J. Hernangomez running Layup (10 PTS) (M. Flynn 2 AST),"['pointsinthepaint', 'fastbreak']",Hernangomez,87,93,Made,True,True,1627823,1630201.0,rebound,3pt missed,,,,1627749|1627823|1628381|1628384|1630168|1630201|1630567|1631100|1631132|203200,1610612761.0,22200235
4,PT09M40.00S,09:40,Q4 09:40,8.333333333333334,537,3pt,MISS A. Griffin 25' 3PT,[],Griffin,87,93,Missed,True,False,1631100,,2pt made,rebound,,,,1627749|1627823|1628381|1628384|1630168|1630201|1630567|1631100|1631132|203200,1610612737.0,22200235
4,PT09M38.00S,09:38,Q4 09:38,8.366666666666667,538,rebound,S. Barnes REBOUND (Off:2 Def:4),[],Barnes,87,93,,False,False,1630567,,3pt missed,2pt made,,,,1627749|1627823|1628381|1628384|1630168|1630201|1630567|1631100|1631132|203200,1610612761.0,22200235
4,PT09M33.00S,09:33,Q4 09:33,8.45,539,2pt,O. Anunoby running reverse Layup (15 PTS) (S. Barnes 8 AST),"['pointsinthepaint', 'fastbreak']",Anunoby,87,95,Made,True,True,1628384,1630567.0,rebound,3pt made,,,,1627749|1627823|1628381|1628384|1630168|1630201|1630567|1631100|1631132|203200,1610612761.0,22200235
4,PT09M18.00S,09:18,Q4 09:18,8.7,541,3pt,J. Collins 25' 3PT  (9 PTS) (D. Murray 3 AST),[],Collins,90,95,Made,True,True,1628381,1627749.0,2pt made,2pt missed,,,,1627749|1627823|1628381|1628384|1630168|1630201|1630567|1631100|1631132|203200,1610612737.0,22200235
4,PT08M54.00S,08:54,Q4 08:54,7.1,543,2pt,MISS S. Barnes driving reverse Layup,['pointsinthepaint'],Barnes,90,95,Missed,True,False,1630567,,3pt made,rebound,,,,1627749|1627823|1628381|1628384|1630168|1630201|1630567|1631100|1631132|203200,1610612761.0,22200235
4,PT08M51.00S,08:51,Q4 08:51,7.15,544,rebound,J. Hernangomez REBOUND (Off:2 Def:7),[],Hernangomez,90,95,,False,False,1627823,,2pt missed,turnover,,,,1627749|1627823|1628381|1628384|1630168|1630201|1630567|1631100|1631132|203200,1610612761.0,22200235
4,PT08M50.00S,08:50,Q4 08:50,7.166666666666667,545,turnover,TOR shot clock Team TURNOVER,['team'],,90,95,,False,False,0,,rebound,substitution,,,,1627749|1627823|1628381|1628384|1630168|1630201|1630567|1631100|1631132|203200,1610612761.0,22200235
4,PT08M50.00S,08:50,Q4 08:50,7.166666666666667,546,substitution,SUB out: J. Holiday,[],Holiday,90,95,,False,False,203200,,turnover,substitution,,,,1627749|1627823|1628381|1628384|1630168|1630201|1630567|1631100|1631132,1610612737.0,22200235
4,PT08M50.00S,08:50,Q4 08:50,7.166666666666667,547,substitution,SUB out: A. Griffin,[],Griffin,90,95,,False,False,1631100,,substitution,substitution,,,,1627749|1627823|1628381|1628384|1630168|1630201|1630567|1631132,1610612737.0,22200235
4,PT08M50.00S,08:50,Q4 08:50,7.166666666666667,548,substitution,SUB in: D. Hunter,[],Hunter,90,95,,False,False,1629631,,substitution,substitution,,,,1627749|1627823|1628381|1628384|1629631|1630168|1630201|1630567|1631132,1610612737.0,22200235
4,PT08M50.00S,08:50,Q4 08:50,7.166666666666667,549,substitution,SUB in: T. Young,[],Young,90,95,,False,False,1629027,,substitution,3pt missed,,,,1627749|1627823|1628381|1628384|1629027|1629631|1630168|1630201|1630567|1631132,1610612737.0,22200235
4,PT08M41.00S,08:41,Q4 08:41,7.316666666666666,550,3pt,MISS D. Murray 24' 3PT,['fromturnover'],Murray,90,95,Missed,True,False,1627749,,substitution,rebound,,,,1627749|1627823|1628381|1628384|1629027|1629631|1630168|1630201|1630567|1631132,1610612737.0,22200235
4,PT08M39.00S,08:39,Q4 08:39,7.35,551,rebound,O. Anunoby REBOUND (Off:0 Def:3),[],Anunoby,90,95,,False,False,1628384,,3pt missed,foul,,,,1627749|1627823|1628381|1628384|1629027|1629631|1630168|1630201|1630567|1631132,1610612761.0,22200235
4,PT08M32.00S,08:32,Q4 08:32,7.466666666666667,552,foul,J. Collins shooting personal FOUL (4 PF) (Koloko 2 FT),['2freethrow'],Collins,90,95,,False,False,1628381,,rebound,freethrow,1631132.0,,,1627749|1627823|1628381|1628384|1629027|1629631|1630168|1630201|1630567|1631132,1610612737.0,22200235
4,PT08M32.00S,08:32,Q4 08:32,7.466666666666667,554,freethrow,C. Koloko Free Throw 1 of 2 (3 PTS),[],Koloko,90,96,Made,False,False,1631132,,foul,substitution,,,,1627749|1627823|1628381|1628384|1629027|1629631|1630168|1630201|1630567|1631132,1610612761.0,22200235
4,PT08M32.00S,08:32,Q4 08:32,7.466666666666667,555,substitution,SUB out: J. Hernangomez,[],Hernangomez,90,96,,False,False,1627823,,freethrow,substitution,,,,1627749|1628381|1628384|1629027|1629631|1630168|1630201|1630567|1631132,1610612761.0,22200235
4,PT08M32.00S,08:32,Q4 08:32,7.466666666666667,556,substitution,SUB in: F. VanVleet,[],VanVleet,90,96,,False,False,1627832,,substitution,freethrow,,,,1627749|1627832|1628381|1628384|1629027|1629631|1630168|1630201|1630567|1631132,1610612761.0,22200235
4,PT08M32.00S,08:32,Q4 08:32,7.466666666666667,557,freethrow,C. Koloko Free Throw 2 of 2 (4 PTS),[],Koloko,90,97,Made,False,False,1631132,,substitution,3pt missed,,,,1627749|1627832|1628381|1628384|1629027|1629631|1630168|1630201|1630567|1631132,1610612761.0,22200235
4,PT08M20.00S,08:20,Q4 08:20,7.666666666666667,558,3pt,MISS J. Collins 26' 3PT,[],Collins,90,97,Missed,True,False,1628381,,freethrow,rebound,,,,1627749|1627832|1628381|1628384|1629027|1629631|1630168|1630201|1630567|1631132,1610612737.0,22200235
4,PT08M17.00S,08:17,Q4 08:17,7.716666666666667,559,rebound,S. Barnes REBOUND (Off:2 Def:5),[],Barnes,90,97,,False,False,1630567,,3pt missed,2pt missed,,,,1627749|1627832|1628381|1628384|1629027|1629631|1630168|1630201|1630567|1631132,1610612761.0,22200235
4,PT08M00.00S,08:00,Q4 08:00,8.0,560,2pt,MISS S. Barnes 7' turnaround Hook,['pointsinthepaint'],Barnes,90,97,Missed,True,False,1630567,,rebound,rebound,,,,1627749|1627832|1628381|1628384|1629027|1629631|1630168|1630201|1630567|1631132,1610612761.0,22200235
4,PT07M59.00S,07:59,Q4 07:59,6.016666666666667,561,rebound,D. Murray REBOUND (Off:0 Def:6),[],Murray,90,97,,False,False,1627749,,2pt missed,foul,,,,1627749|1627832|1628381|1628384|1629027|1629631|1630168|1630201|1630567|1631132,1610612737.0,22200235
4,PT07M59.00S,07:59,Q4 07:59,6.016666666666667,562,foul,S. Barnes technical FOUL (1 Tech),['1freethrow'],Barnes,90,97,,False,False,1630567,,rebound,freethrow,,,,1627749|1627832|1628381|1628384|1629027|1629631|1630168|1630201|1630567|1631132,1610612761.0,22200235
4,PT07M59.00S,07:59,Q4 07:59,6.016666666666667,563,freethrow,T. Young technical Free Throw 1 of 1 (20 PTS),[],Young,91,97,Made,False,False,1629027,,foul,2pt missed,,,,1627749|1627832|1628381|1628384|1629027|1629631|1630168|1630201|1630567|1631132,1610612737.0,22200235
4,PT07M37.00S,07:37,Q4 07:37,6.383333333333333,567,2pt,MISS D. Murray 12' turnaround fadeaway Shot,['pointsinthepaint'],Murray,91,97,Missed,True,False,1627749,,freethrow,rebound,,,,1627749|1627832|1628381|1628384|1629027|1629631|1630168|1630201|1630567|1631132,1610612737.0,22200235
4,PT07M34.00S,07:34,Q4 07:34,6.433333333333334,568,rebound,S. Barnes REBOUND (Off:2 Def:6),[],Barnes,91,97,,False,False,1630567,,2pt missed,2pt made,,,,1627749|1627832|1628381|1628384|1629027|1629631|1630168|1630201|1630567|1631132,1610612761.0,22200235
4,PT07M25.00S,07:25,Q4 07:25,6.583333333333333,569,2pt,M. Flynn 16' step back Jump Shot (15 PTS),[],Flynn,91,99,Made,True,False,1630201,,rebound,foul,,,,1627749|1627832|1628381|1628384|1629027|1629631|1630168|1630201|1630567|1631132,1610612761.0,22200235
4,PT07M13.00S,07:13,Q4 07:13,6.783333333333333,570,foul,F. VanVleet personal FOUL (2 PF),[],VanVleet,91,99,,False,False,1627832,,2pt made,2pt made,1630168.0,,,1627749|1627832|1628381|1628384|1629027|1629631|1630168|1630201|1630567|1631132,1610612761.0,22200235
4,PT07M01.00S,07:01,Q4 07:01,6.983333333333333,572,2pt,T. Young driving Layup (22 PTS),['pointsinthepaint'],Young,93,99,Made,True,False,1629027,,foul,2pt made,,,,1627749|1627832|1628381|1628384|1629027|1629631|1630168|1630201|1630567|1631132,1610612737.0,22200235
4,PT06M41.00S,06:41,Q4 06:41,5.316666666666666,573,2pt,O. Anunoby driving Layup (17 PTS),['pointsinthepaint'],Anunoby,93,101,Made,True,False,1628384,,2pt made,foul,,,,1627749|1627832|1628381|1628384|1629027|1629631|1630168|1630201|1630567|1631132,1610612761.0,22200235
4,PT06M41.00S,06:41,Q4 06:41,5.316666666666666,574,foul,J. Collins shooting personal FOUL (5 PF) (Anunoby 1 FT),['1freethrow'],Collins,93,101,,False,False,1628381,,2pt made,timeout,1628384.0,,,1627749|1627832|1628381|1628384|1629027|1629631|1630168|1630201|1630567|1631132,1610612737.0,22200235
4,PT06M41.00S,06:41,Q4 06:41,5.316666666666666,576,timeout,ATL Timeout,"['team', 'mandatory']",,93,101,,False,False,0,,foul,substitution,,,,1627749|1627832|1628381|1628384|1629027|1629631|1630168|1630201|1630567|1631132,1610612737.0,22200235
4,PT06M41.00S,06:41,Q4 06:41,5.316666666666666,580,substitution,SUB out: O. Okongwu,[],Okongwu,93,101,,False,False,1630168,,timeout,substitution,,,,1627749|1627832|1628381|1628384|1629027|1629631|1630201|1630567|1631132,1610612737.0,22200235
4,PT06M41.00S,06:41,Q4 06:41,5.316666666666666,581,substitution,SUB in: C. Capela,[],Capela,93,101,,False,False,203991,,substitution,freethrow,,,,1627749|1627832|1628381|1628384|1629027|1629631|1630201|1630567|1631132|203991,1610612737.0,22200235
4,PT06M41.00S,06:41,Q4 06:41,5.316666666666666,582,freethrow,O. Anunoby Free Throw 1 of 1 (18 PTS),[],Anunoby,93,102,Made,False,False,1628384,,substitution,turnover,,,,1627749|1627832|1628381|1628384|1629027|1629631|1630201|1630567|1631132|203991,1610612761.0,22200235
4,PT06M30.00S,06:30,Q4 06:30,5.5,583,turnover,D. Hunter backcourt TURNOVER (3 TO),[],Hunter,93,102,,False,False,1629631,,freethrow,3pt missed,,,,1627749|1627832|1628381|1628384|1629027|1629631|1630201|1630567|1631132|203991,1610612737.0,22200235
4,PT06M23.00S,06:23,Q4 06:23,5.616666666666666,584,3pt,MISS M. Flynn 3PT,['fromturnover'],Flynn,93,102,Missed,True,False,1630201,,turnover,rebound,,,,1627749|1627832|1628381|1628384|1629027|1629631|1630201|1630567|1631132|203991,1610612761.0,22200235
4,PT06M19.00S,06:19,Q4 06:19,5.683333333333334,585,rebound,D. Murray REBOUND (Off:0 Def:7),[],Murray,93,102,,False,False,1627749,,3pt missed,2pt made,,,,1627749|1627832|1628381|1628384|1629027|1629631|1630201|1630567|1631132|203991,1610612737.0,22200235
4,PT06M12.00S,06:12,Q4 06:12,5.8,586,2pt,D. Murray 11' driving floating Jump Shot (17 PTS),['pointsinthepaint'],Murray,95,102,Made,True,False,1627749,,rebound,2pt made,,,,1627749|1627832|1628381|1628384|1629027|1629631|1630201|1630567|1631132|203991,1610612737.0,22200235
4,PT05M54.00S,05:54,Q4 05:54,4.1,587,2pt,M. Flynn driving Layup (17 PTS),['pointsinthepaint'],Flynn,95,104,Made,True,False,1630201,,2pt made,2pt missed,,,,1627749|1627832|1628381|1628384|1629027|1629631|1630201|1630567|1631132|203991,1610612761.0,22200235
4,PT05M41.00S,05:41,Q4 05:41,4.316666666666666,589,2pt,MISS T. Young 7' driving floating Shot,['pointsinthepaint'],Young,95,104,Missed,True,False,1629027,,2pt made,rebound,,,,1627749|1627832|1628381|1628384|1629027|1629631|1630201|1630567|1631132|203991,1610612737.0,22200235
4,PT05M39.00S,05:39,Q4 05:39,4.35,590,rebound,T. Young REBOUND (Off:1 Def:1),[],Young,95,104,,False,False,1629027,,2pt missed,foul,,,,1627749|1627832|1628381|1628384|1629027|1629631|1630201|1630567|1631132|203991,1610612737.0,22200235
4,PT05M35.00S,05:35,Q4 05:35,4.416666666666667,591,foul,C. Koloko shooting personal FOUL (3 PF) (Hunter 2 FT),['2freethrow'],Koloko,95,104,,False,False,1631132,,rebound,freethrow,1629631.0,,,1627749|1627832|1628381|1628384|1629027|1629631|1630201|1630567|1631132|203991,1610612761.0,22200235
4,PT05M35.00S,05:35,Q4 05:35,4.416666666666667,593,freethrow,D. Hunter Free Throw 1 of 2 (13 PTS),['2ndchance'],Hunter,96,104,Made,False,False,1629631,,foul,freethrow,,,,1627749|1627832|1628381|1628384|1629027|1629631|1630201|1630567|1631132|203991,1610612737.0,22200235
4,PT05M35.00S,05:35,Q4 05:35,4.416666666666667,594,freethrow,D. Hunter Free Throw 2 of 2 (14 PTS),['2ndchance'],Hunter,97,104,Made,False,False,1629631,,freethrow,3pt missed,,,,1627749|1627832|1628381|1628384|1629027|1629631|1630201|1630567|1631132|203991,1610612737.0,22200235
4,PT05M20.00S,05:20,Q4 05:20,4.666666666666667,595,3pt,MISS O. Anunoby 26' 3PT,[],Anunoby,97,104,Missed,True,False,1628384,,freethrow,rebound,,,,1627749|1627832|1628381|1628384|1629027|1629631|1630201|1630567|1631132|203991,1610612761.0,22200235
4,PT05M17.00S,05:17,Q4 05:17,4.716666666666667,596,rebound,C. Capela REBOUND (Off:5 Def:6),[],Capela,97,104,,False,False,203991,,3pt missed,foul,,,,1627749|1627832|1628381|1628384|1629027|1629631|1630201|1630567|1631132|203991,1610612737.0,22200235
4,PT05M12.00S,05:12,Q4 05:12,4.8,597,foul,M. Flynn personal FOUL (4 PF),[],Flynn,97,104,,False,False,1630201,,rebound,2pt missed,1629027.0,,,1627749|1627832|1628381|1628384|1629027|1629631|1630201|1630567|1631132|203991,1610612761.0,22200235
4,PT05M02.00S,05:02,Q4 05:02,4.966666666666667,599,2pt,MISS D. Hunter driving Layup - blocked,['pointsinthepaint'],Hunter,97,104,Missed,True,False,1629631,,foul,block,,,1631132.0,1627749|1627832|1628381|1628384|1629027|1629631|1630201|1630567|1631132|203991,1610612737.0,22200235
4,PT05M02.00S,05:02,Q4 05:02,4.966666666666667,600,block,C. Koloko BLOCK (3 BLK),[],Koloko,97,104,,False,False,1631132,,2pt missed,rebound,,,,1627749|1627832|1628381|1628384|1629027|1629631|1630201|1630567|1631132|203991,1610612761.0,22200235
4,PT05M01.00S,05:01,Q4 05:01,4.983333333333333,601,rebound,D. Hunter REBOUND (Off:1 Def:2),[],Hunter,97,104,,False,False,1629631,,block,foul,,,,1627749|1627832|1628381|1628384|1629027|1629631|1630201|1630567|1631132|203991,1610612737.0,22200235
4,PT05M01.00S,05:01,Q4 05:01,4.983333333333333,602,foul,F. VanVleet personal FOUL (3 PF),[],VanVleet,97,104,,False,False,1627832,,rebound,2pt missed,1629631.0,,,1627749|1627832|1628381|1628384|1629027|1629631|1630201|1630567|1631132|203991,1610612761.0,22200235
4,PT04M50.00S,04:50,Q4 04:50,3.1666666666666665,604,2pt,MISS D. Murray 13' pullup Shot,['2ndchance'],Murray,97,104,Missed,True,False,1627749,,foul,rebound,,,,1627749|1627832|1628381|1628384|1629027|1629631|1630201|1630567|1631132|203991,1610612737.0,22200235
4,PT04M46.00S,04:46,Q4 04:46,3.2333333333333334,605,rebound,C. Capela REBOUND (Off:6 Def:6),[],Capela,97,104,,False,False,203991,,2pt missed,2pt missed,,,,1627749|1627832|1628381|1628384|1629027|1629631|1630201|1630567|1631132|203991,1610612737.0,22200235
4,PT04M46.00S,04:46,Q4 04:46,3.2333333333333334,606,2pt,MISS C. Capela tip Layup,"['pointsinthepaint', '2ndchance']",Capela,97,104,Missed,True,False,203991,,rebound,rebound,,,,1627749|1627832|1628381|1628384|1629027|1629631|1630201|1630567|1631132|203991,1610612737.0,22200235
4,PT04M45.00S,04:45,Q4 04:45,3.25,607,rebound,C. Koloko REBOUND (Off:4 Def:3),[],Koloko,97,104,,False,False,1631132,,2pt missed,foul,,,,1627749|1627832|1628381|1628384|1629027|1629631|1630201|1630567|1631132|203991,1610612761.0,22200235
4,PT04M40.00S,04:40,Q4 04:40,3.3333333333333335,608,foul,J. Collins shooting personal FOUL (6 PF) (Koloko 2 FT),['2freethrow'],Collins,97,104,,False,False,1628381,,rebound,freethrow,1631132.0,,,1627749|1627832|1628381|1628384|1629027|1629631|1630201|1630567|1631132|203991,1610612737.0,22200235
4,PT04M40.00S,04:40,Q4 04:40,3.3333333333333335,610,freethrow,MISS C. Koloko Free Throw 1 of 2,[],Koloko,97,104,Missed,False,False,1631132,,foul,rebound,,,,1627749|1627832|1628381|1628384|1629027|1629631|1630201|1630567|1631132|203991,1610612761.0,22200235
4,PT04M40.00S,04:40,Q4 04:40,3.3333333333333335,611,rebound,TEAM offensive REBOUND,"['team', 'deadball']",,97,104,,False,False,0,,freethrow,substitution,,,,1627749|1627832|1628381|1628384|1629027|1629631|1630201|1630567|1631132|203991,1610612761.0,22200235
4,PT04M40.00S,04:40,Q4 04:40,3.3333333333333335,612,substitution,SUB out: J. Collins,[],Collins,97,104,,False,False,1628381,,rebound,substitution,,,,1627749|1627832|1628384|1629027|1629631|1630201|1630567|1631132|203991,1610612737.0,22200235
4,PT04M40.00S,04:40,Q4 04:40,3.3333333333333335,613,substitution,SUB in: A. Griffin,[],Griffin,97,104,,False,False,1631100,,substitution,timeout,,,,1627749|1627832|1628384|1629027|1629631|1630201|1630567|1631100|1631132|203991,1610612737.0,22200235
4,PT04M40.00S,04:40,Q4 04:40,3.3333333333333335,614,timeout,ATL Timeout,['team'],,97,104,,False,False,0,,substitution,freethrow,,,,1627749|1627832|1628384|1629027|1629631|1630201|1630567|1631100|1631132|203991,1610612737.0,22200235
4,PT04M40.00S,04:40,Q4 04:40,3.3333333333333335,615,freethrow,MISS C. Koloko Free Throw 2 of 2,[],Koloko,97,104,Missed,False,False,1631132,,timeout,rebound,,,,1627749|1627832|1628384|1629027|1629631|1630201|1630567|1631100|1631132|203991,1610612761.0,22200235
4,PT04M38.00S,04:38,Q4 04:38,3.3666666666666667,616,rebound,C. Capela REBOUND (Off:6 Def:7),[],Capela,97,104,,False,False,203991,,freethrow,substitution,,,,1627749|1627832|1628384|1629027|1629631|1630201|1630567|1631100|1631132|203991,1610612737.0,22200235
4,PT04M21.00S,04:21,Q4 04:21,3.65,619,substitution,SUB out: S. Barnes,[],Barnes,97,104,,False,False,1630567,,rebound,substitution,,,,1627749|1627832|1628384|1629027|1629631|1630201|1631100|1631132|203991,1610612761.0,22200235
4,PT04M21.00S,04:21,Q4 04:21,3.65,620,substitution,SUB in: T. Young,[],Young,97,104,,False,False,201152,,substitution,2pt made,,,,1627749|1627832|1628384|1629027|1629631|1630201|1631100|1631132|201152|203991,1610612761.0,22200235
4,PT04M18.00S,04:18,Q4 04:18,3.7,621,2pt,T. Young 8' driving floating Jump Shot (24 PTS) (D. Murray 4 AST),[],Young,99,104,Made,True,True,1629027,1627749.0,substitution,turnover,,,,1627749|1627832|1628384|1629027|1629631|1630201|1631100|1631132|201152|203991,1610612737.0,22200235
4,PT03M55.00S,03:55,Q4 03:55,2.0833333333333335,623,turnover,O. Anunoby step out-of-bounds TURNOVER (5 TO),[],Anunoby,99,104,,False,False,1628384,,2pt made,2pt missed,,,,1627749|1627832|1628384|1629027|1629631|1630201|1631100|1631132|201152|203991,1610612761.0,22200235
4,PT03M47.00S,03:47,Q4 03:47,2.216666666666667,624,2pt,MISS A. Griffin Layup - blocked,"['pointsinthepaint', 'fromturnover']",Griffin,99,104,Missed,True,False,1631100,,turnover,block,,,1631132.0,1627749|1627832|1628384|1629027|1629631|1630201|1631100|1631132|201152|203991,1610612737.0,22200235
4,PT03M47.00S,03:47,Q4 03:47,2.216666666666667,625,block,C. Koloko BLOCK (4 BLK),[],Koloko,99,104,,False,False,1631132,,2pt missed,rebound,,,,1627749|1627832|1628384|1629027|1629631|1630201|1631100|1631132|201152|203991,1610612761.0,22200235
4,PT03M43.00S,03:43,Q4 03:43,2.283333333333333,626,rebound,T. Young REBOUND (Off:2 Def:5),[],Young,99,104,,False,False,201152,,block,2pt missed,,,,1627749|1627832|1628384|1629027|1629631|1630201|1631100|1631132|201152|203991,1610612761.0,22200235
4,PT03M29.00S,03:29,Q4 03:29,2.5166666666666666,627,2pt,MISS F. VanVleet driving Layup,['pointsinthepaint'],VanVleet,99,104,Missed,True,False,1627832,,rebound,rebound,,,,1627749|1627832|1628384|1629027|1629631|1630201|1631100|1631132|201152|203991,1610612761.0,22200235
4,PT03M26.00S,03:26,Q4 03:26,2.5666666666666664,628,rebound,D. Hunter REBOUND (Off:1 Def:3),[],Hunter,99,104,,False,False,1629631,,2pt missed,2pt made,,,,1627749|1627832|1628384|1629027|1629631|1630201|1631100|1631132|201152|203991,1610612737.0,22200235
4,PT03M21.00S,03:21,Q4 03:21,2.65,631,2pt,D. Hunter running Layup (16 PTS),"['fastbreak', 'pointsinthepaint']",Hunter,101,104,Made,True,False,1629631,,rebound,timeout,,,,1627749|1627832|1628384|1629027|1629631|1630201|1631100|1631132|201152|203991,1610612737.0,22200235
4,PT03M21.00S,03:21,Q4 03:21,2.65,632,timeout,TOR Timeout,['team'],,101,104,,False,False,0,,2pt made,3pt missed,,,,1627749|1627832|1628384|1629027|1629631|1630201|1631100|1631132|201152|203991,1610612761.0,22200235
4,PT03M05.00S,03:05,Q4 03:05,2.9166666666666665,633,3pt,MISS F. VanVleet 25' pullup 3PT - blocked,[],VanVleet,101,104,Missed,True,False,1627832,,timeout,block,,,203991.0,1627749|1627832|1628384|1629027|1629631|1630201|1631100|1631132|201152|203991,1610612761.0,22200235
4,PT03M05.00S,03:05,Q4 03:05,2.9166666666666665,634,block,C. Capela BLOCK (3 BLK),[],Capela,101,104,,False,False,203991,,3pt missed,rebound,,,,1627749|1627832|1628384|1629027|1629631|1630201|1631100|1631132|201152|203991,1610612737.0,22200235
4,PT03M01.00S,03:01,Q4 03:01,2.9833333333333334,635,rebound,C. Koloko REBOUND (Off:5 Def:3),[],Koloko,101,104,,False,False,1631132,,block,3pt missed,,,,1627749|1627832|1628384|1629027|1629631|1630201|1631100|1631132|201152|203991,1610612761.0,22200235
4,PT03M00.00S,03:00,Q4 03:00,3.0,636,3pt,MISS O. Anunoby 25' 3PT,['2ndchance'],Anunoby,101,104,Missed,True,False,1628384,,rebound,rebound,,,,1627749|1627832|1628384|1629027|1629631|1630201|1631100|1631132|201152|203991,1610612761.0,22200235
4,PT02M57.00S,02:57,Q4 02:57,1.05,637,rebound,C. Koloko REBOUND (Off:6 Def:3),[],Koloko,101,104,,False,False,1631132,,3pt missed,2pt made,,,,1627749|1627832|1628384|1629027|1629631|1630201|1631100|1631132|201152|203991,1610612761.0,22200235
4,PT02M57.00S,02:57,Q4 02:57,1.05,638,2pt,C. Koloko putback Layup (6 PTS),"['pointsinthepaint', '2ndchance']",Koloko,101,106,Made,True,False,1631132,,rebound,3pt missed,,,,1627749|1627832|1628384|1629027|1629631|1630201|1631100|1631132|201152|203991,1610612761.0,22200235
4,PT02M41.00S,02:41,Q4 02:41,1.3166666666666667,639,3pt,MISS A. Griffin 3PT,[],Griffin,101,106,Missed,True,False,1631100,,2pt made,rebound,,,,1627749|1627832|1628384|1629027|1629631|1630201|1631100|1631132|201152|203991,1610612737.0,22200235
4,PT02M38.00S,02:38,Q4 02:38,1.3666666666666667,640,rebound,M. Flynn REBOUND (Off:0 Def:4),[],Flynn,101,106,,False,False,1630201,,3pt missed,2pt made,,,,1627749|1627832|1628384|1629027|1629631|1630201|1631100|1631132|201152|203991,1610612761.0,22200235
4,PT02M36.00S,02:36,Q4 02:36,1.4,641,2pt,O. Anunoby running Layup (20 PTS) (M. Flynn 3 AST),"['pointsinthepaint', 'fastbreak']",Anunoby,101,108,Made,True,True,1628384,1630201.0,rebound,foul,,,,1627749|1627832|1628384|1629027|1629631|1630201|1631100|1631132|201152|203991,1610612761.0,22200235
4,PT02M36.00S,02:36,Q4 02:36,1.4,643,foul,T. Young shooting personal FOUL (3 PF) (Anunoby 1 FT),['1freethrow'],Young,101,108,,False,False,1629027,,2pt made,freethrow,1628384.0,,,1627749|1627832|1628384|1629027|1629631|1630201|1631100|1631132|201152|203991,1610612737.0,22200235
4,PT02M36.00S,02:36,Q4 02:36,1.4,645,freethrow,O. Anunoby Free Throw 1 of 1 (21 PTS),['fastbreak'],Anunoby,101,109,Made,False,False,1628384,,foul,3pt made,,,,1627749|1627832|1628384|1629027|1629631|1630201|1631100|1631132|201152|203991,1610612761.0,22200235
4,PT02M29.00S,02:29,Q4 02:29,1.5166666666666666,646,3pt,D. Hunter 3PT  (19 PTS) (T. Young 10 AST),[],Hunter,104,109,Made,True,True,1629631,1629027.0,freethrow,foul,,,,1627749|1627832|1628384|1629027|1629631|1630201|1631100|1631132|201152|203991,1610612737.0,22200235
4,PT02M14.00S,02:14,Q4 02:14,1.7666666666666666,648,foul,M. Flynn off-the-ball offensive FOUL (5 PF),[],Flynn,104,109,,False,False,1630201,,3pt made,turnover,1631100.0,,,1627749|1627832|1628384|1629027|1629631|1630201|1631100|1631132|201152|203991,1610612761.0,22200235
4,PT02M14.00S,02:14,Q4 02:14,1.7666666666666666,650,turnover,M. Flynn offensive foul TURNOVER (1 TO),[],Flynn,104,109,,False,False,1630201,,foul,substitution,,,,1627749|1627832|1628384|1629027|1629631|1630201|1631100|1631132|201152|203991,1610612761.0,22200235
4,PT02M14.00S,02:14,Q4 02:14,1.7666666666666666,651,substitution,SUB out: T. Young,[],Young,104,109,,False,False,201152,,turnover,substitution,,,,1627749|1627832|1628384|1629027|1629631|1630201|1631100|1631132|203991,1610612761.0,22200235
4,PT02M14.00S,02:14,Q4 02:14,1.7666666666666666,652,substitution,SUB in: S. Barnes,[],Barnes,104,109,,False,False,1630567,,substitution,3pt made,,,,1627749|1627832|1628384|1629027|1629631|1630201|1630567|1631100|1631132|203991,1610612761.0,22200235
4,PT02M08.00S,02:08,Q4 02:08,1.8666666666666667,653,3pt,T. Young 25' 3PT pullup (27 PTS),['fromturnover'],Young,107,109,Made,True,False,1629027,,substitution,2pt missed,,,,1627749|1627832|1628384|1629027|1629631|1630201|1630567|1631100|1631132|203991,1610612737.0,22200235
4,PT01M40.00S,01:40,Q4 01:40,0.33333333333333337,654,2pt,MISS O. Anunoby 12' turnaround fadeaway Shot,[],Anunoby,107,109,Missed,True,False,1628384,,3pt made,rebound,,,,1627749|1627832|1628384|1629027|1629631|1630201|1630567|1631100|1631132|203991,1610612761.0,22200235
4,PT01M38.00S,01:38,Q4 01:38,0.3666666666666667,655,rebound,M. Flynn REBOUND (Off:1 Def:4),[],Flynn,107,109,,False,False,1630201,,2pt missed,2pt missed,,,,1627749|1627832|1628384|1629027|1629631|1630201|1630567|1631100|1631132|203991,1610612761.0,22200235
4,PT01M28.00S,01:28,Q4 01:28,0.5333333333333333,656,2pt,MISS S. Barnes 14' pullup Shot,['2ndchance'],Barnes,107,109,Missed,True,False,1630567,,rebound,rebound,,,,1627749|1627832|1628384|1629027|1629631|1630201|1630567|1631100|1631132|203991,1610612761.0,22200235
4,PT01M27.00S,01:27,Q4 01:27,0.55,657,rebound,TEAM defensive REBOUND,['team'],,107,109,,False,False,0,,2pt missed,foul,,,,1627749|1627832|1628384|1629027|1629631|1630201|1630567|1631100|1631132|203991,1610612737.0,22200235
4,PT01M27.00S,01:27,Q4 01:27,0.55,658,foul,C. Koloko loose ball personal FOUL (4 PF) (Hunter 2 FT),"['inpenalty', '2freethrow']",Koloko,107,109,,False,False,1631132,,rebound,freethrow,1629631.0,,,1627749|1627832|1628384|1629027|1629631|1630201|1630567|1631100|1631132|203991,1610612761.0,22200235
4,PT01M27.00S,01:27,Q4 01:27,0.55,660,freethrow,D. Hunter Free Throw 1 of 2 (20 PTS),[],Hunter,108,109,Made,False,False,1629631,,foul,freethrow,,,,1627749|1627832|1628384|1629027|1629631|1630201|1630567|1631100|1631132|203991,1610612737.0,22200235
4,PT01M27.00S,01:27,Q4 01:27,0.55,661,freethrow,D. Hunter Free Throw 2 of 2 (21 PTS),[],Hunter,109,109,Made,False,False,1629631,,freethrow,3pt missed,,,,1627749|1627832|1628384|1629027|1629631|1630201|1630567|1631100|1631132|203991,1610612737.0,22200235
4,PT01M06.00S,01:06,Q4 01:06,0.9,662,3pt,MISS S. Barnes 3PT,[],Barnes,109,109,Missed,True,False,1630567,,freethrow,rebound,,,,1627749|1627832|1628384|1629027|1629631|1630201|1630567|1631100|1631132|203991,1610612761.0,22200235
4,PT01M01.00S,01:01,Q4 01:01,0.9833333333333333,663,rebound,T. Young REBOUND (Off:1 Def:2),[],Young,109,109,,False,False,1629027,,3pt missed,foul,,,,1627749|1627832|1628384|1629027|1629631|1630201|1630567|1631100|1631132|203991,1610612737.0,22200235
4,PT00M59.60S,00:59,Q4 00:59,-0.9833333333333333,664,foul,M. Flynn personal FOUL (6 PF) (Young 2 FT),"['inpenalty', '2freethrow']",Flynn,109,109,,False,False,1630201,,rebound,substitution,1629027.0,,,1627749|1627832|1628384|1629027|1629631|1630201|1630567|1631100|1631132|203991,1610612761.0,22200235
4,PT00M59.60S,00:59,Q4 00:59,-0.9833333333333333,666,substitution,SUB out: M. Flynn,[],Flynn,109,109,,False,False,1630201,,foul,substitution,,,,1627749|1627832|1628384|1629027|1629631|1630567|1631100|1631132|203991,1610612761.0,22200235
4,PT00M59.60S,00:59,Q4 00:59,-0.9833333333333333,667,substitution,SUB in: T. Young,[],Young,109,109,,False,False,201152,,substitution,freethrow,,,,1627749|1627832|1628384|1629027|1629631|1630567|1631100|1631132|201152|203991,1610612761.0,22200235
4,PT00M59.60S,00:59,Q4 00:59,-0.9833333333333333,668,freethrow,T. Young Free Throw 1 of 2 (28 PTS),[],Young,110,109,Made,False,False,1629027,,substitution,freethrow,,,,1627749|1627832|1628384|1629027|1629631|1630567|1631100|1631132|201152|203991,1610612737.0,22200235
4,PT00M59.60S,00:59,Q4 00:59,-0.9833333333333333,669,freethrow,T. Young Free Throw 2 of 2 (29 PTS),[],Young,111,109,Made,False,False,1629027,,freethrow,foul,,,,1627749|1627832|1628384|1629027|1629631|1630567|1631100|1631132|201152|203991,1610612737.0,22200235
4,PT00M50.60S,00:50,Q4 00:50,-0.8333333333333334,670,foul,D. Hunter personal FOUL (3 PF) (Anunoby 2 FT),"['inpenalty', '2freethrow']",Hunter,111,109,,False,False,1629631,,freethrow,freethrow,1628384.0,,,1627749|1627832|1628384|1629027|1629631|1630567|1631100|1631132|201152|203991,1610612737.0,22200235
4,PT00M50.60S,00:50,Q4 00:50,-0.8333333333333334,672,freethrow,O. Anunoby Free Throw 1 of 2 (22 PTS),[],Anunoby,111,110,Made,False,False,1628384,,foul,freethrow,,,,1627749|1627832|1628384|1629027|1629631|1630567|1631100|1631132|201152|203991,1610612761.0,22200235
4,PT00M50.60S,00:50,Q4 00:50,-0.8333333333333334,673,freethrow,O. Anunoby Free Throw 2 of 2 (23 PTS),[],Anunoby,111,111,Made,False,False,1628384,,freethrow,2pt missed,,,,1627749|1627832|1628384|1629027|1629631|1630567|1631100|1631132|201152|203991,1610612761.0,22200235
4,PT00M33.30S,00:33,Q4 00:33,-0.55,674,2pt,MISS T. Young 6' driving floating Shot,['pointsinthepaint'],Young,111,111,Missed,True,False,1629027,,freethrow,rebound,,,,1627749|1627832|1628384|1629027|1629631|1630567|1631100|1631132|201152|203991,1610612737.0,22200235
4,PT00M30.20S,00:30,Q4 00:30,-0.5,675,rebound,T. Young REBOUND (Off:2 Def:6),[],Young,111,111,,False,False,201152,,2pt missed,timeout,,,,1627749|1627832|1628384|1629027|1629631|1630567|1631100|1631132|201152|203991,1610612761.0,22200235
4,PT00M18.10S,00:18,Q4 00:18,-0.3,677,timeout,TOR Timeout,['team'],,111,111,,False,False,0,,rebound,substitution,,,,1627749|1627832|1628384|1629027|1629631|1630567|1631100|1631132|201152|203991,1610612761.0,22200235
4,PT00M18.10S,00:18,Q4 00:18,-0.3,678,substitution,SUB out: T. Young,[],Young,111,111,,False,False,1629027,,timeout,substitution,,,,1627749|1627832|1628384|1629631|1630567|1631100|1631132|201152|203991,1610612737.0,22200235
4,PT00M18.10S,00:18,Q4 00:18,-0.3,679,substitution,SUB in: J. Holiday,[],Holiday,111,111,,False,False,203200,,substitution,2pt missed,,,,1627749|1627832|1628384|1629631|1630567|1631100|1631132|201152|203200|203991,1610612737.0,22200235
4,PT00M09.40S,00:09,Q4 00:09,-0.15,680,2pt,MISS O. Anunoby 17' step back Shot,[],Anunoby,111,111,Missed,True,False,1628384,,substitution,rebound,,,,1627749|1627832|1628384|1629631|1630567|1631100|1631132|201152|203200|203991,1610612761.0,22200235
4,PT00M05.60S,00:05,Q4 00:05,-0.08333333333333333,681,rebound,C. Koloko REBOUND (Off:7 Def:3),[],Koloko,111,111,,False,False,1631132,,2pt missed,2pt missed,,,,1627749|1627832|1628384|1629631|1630567|1631100|1631132|201152|203200|203991,1610612761.0,22200235
4,PT00M01.10S,00:01,Q4 00:01,-0.016666666666666666,682,2pt,MISS S. Barnes cutting Layup,"['pointsinthepaint', '2ndchance']",Barnes,111,111,Missed,True,False,1630567,,rebound,rebound,,,,1627749|1627832|1628384|1629631|1630567|1631100|1631132|201152|203200|203991,1610612761.0,22200235
4,PT00M00.70S,00:00,Q4 00:00,0.0,683,rebound,S. Barnes REBOUND (Off:3 Def:6),[],Barnes,111,111,,False,False,1630567,,2pt missed,2pt missed,,,,1627749|1627832|1628384|1629631|1630567|1631100|1631132|201152|203200|203991,1610612761.0,22200235
4,PT00M00.70S,00:00,Q4 00:00,0.0,684,2pt,MISS S. Barnes tip Layup,"['2ndchance', 'pointsinthepaint']",Barnes,111,111,Missed,True,False,1630567,,rebound,rebound,,,,1627749|1627832|1628384|1629631|1630567|1631100|1631132|201152|203200|203991,1610612761.0,22200235
4,PT00M00.10S,00:00,Q4 00:00,0.0,685,rebound,TEAM offensive REBOUND,['team'],,111,111,,False,False,0,,2pt missed,substitution,,,,1627749|1627832|1628384|1629631|1630567|1631100|1631132|201152|203200|203991,1610612761.0,22200235
5,PT05M00.00S,05:00,Q5 05:00,-7.0,687,substitution,SUB out: J. Holiday,['startperiod'],Holiday,111,111,,False,False,203200,,rebound,substitution,,,,1627749|1627832|1628384|1629631|1630567|1631100|1631132|201152|203991,1610612737.0,22200235
5,PT05M00.00S,05:00,Q5 05:00,-7.0,688,substitution,SUB in: T. Young,['startperiod'],Young,111,111,,False,False,1629027,,substitution,3pt missed,,,,1627749|1627832|1628384|1629027|1629631|1630567|1631100|1631132|201152|203991,1610612737.0,22200235
5,PT04M43.00S,04:43,Q5 04:43,-8.716666666666667,694,3pt,MISS A. Griffin 3PT,[],Griffin,111,111,Missed,True,False,1631100,,substitution,rebound,,,,1627749|1627832|1628384|1629027|1629631|1630567|1631100|1631132|201152|203991,1610612737.0,22200235
5,PT04M40.00S,04:40,Q5 04:40,-8.666666666666666,695,rebound,S. Barnes REBOUND (Off:3 Def:7),[],Barnes,111,111,,False,False,1630567,,3pt missed,foul,,,,1627749|1627832|1628384|1629027|1629631|1630567|1631100|1631132|201152|203991,1610612761.0,22200235
5,PT04M23.00S,04:23,Q5 04:23,-8.383333333333333,696,foul,S. Barnes offensive FOUL (2 PF),[],Barnes,111,111,,False,False,1630567,,rebound,turnover,203991.0,,,1627749|1627832|1628384|1629027|1629631|1630567|1631100|1631132|201152|203991,1610612761.0,22200235
5,PT04M23.00S,04:23,Q5 04:23,-8.383333333333333,698,turnover,S. Barnes offensive foul TURNOVER (3 TO),[],Barnes,111,111,,False,False,1630567,,foul,2pt made,,,,1627749|1627832|1628384|1629027|1629631|1630567|1631100|1631132|201152|203991,1610612761.0,22200235
5,PT04M04.00S,04:04,Q5 04:04,-8.066666666666666,699,2pt,A. Griffin driving floating Jump Shot (11 PTS),"['pointsinthepaint', 'fromturnover']",Griffin,113,111,Made,True,False,1631100,,turnover,2pt made,,,,1627749|1627832|1628384|1629027|1629631|1630567|1631100|1631132|201152|203991,1610612737.0,22200235
5,PT03M38.00S,03:38,Q5 03:38,-9.633333333333333,700,2pt,S. Barnes 8' driving floating Jump Shot (28 PTS),['pointsinthepaint'],Barnes,113,113,Made,True,False,1630567,,2pt made,3pt missed,,,,1627749|1627832|1628384|1629027|1629631|1630567|1631100|1631132|201152|203991,1610612761.0,22200235
5,PT03M23.00S,03:23,Q5 03:23,-9.383333333333333,701,3pt,MISS D. Murray 3PT,[],Murray,113,113,Missed,True,False,1627749,,2pt made,rebound,,,,1627749|1627832|1628384|1629027|1629631|1630567|1631100|1631132|201152|203991,1610612737.0,22200235
5,PT03M20.00S,03:20,Q5 03:20,-9.333333333333334,702,rebound,S. Barnes REBOUND (Off:3 Def:8),[],Barnes,113,113,,False,False,1630567,,3pt missed,2pt missed,,,,1627749|1627832|1628384|1629027|1629631|1630567|1631100|1631132|201152|203991,1610612761.0,22200235
5,PT03M06.00S,03:06,Q5 03:06,-9.1,703,2pt,MISS O. Anunoby 7' fadeaway Shot,['pointsinthepaint'],Anunoby,113,113,Missed,True,False,1628384,,rebound,rebound,,,,1627749|1627832|1628384|1629027|1629631|1630567|1631100|1631132|201152|203991,1610612761.0,22200235
5,PT03M03.00S,03:03,Q5 03:03,-9.05,704,rebound,C. Capela REBOUND (Off:6 Def:8),[],Capela,113,113,,False,False,203991,,2pt missed,2pt missed,,,,1627749|1627832|1628384|1629027|1629631|1630567|1631100|1631132|201152|203991,1610612737.0,22200235
5,PT02M48.00S,02:48,Q5 02:48,-10.8,705,2pt,MISS D. Murray 17' pullup Shot,[],Murray,113,113,Missed,True,False,1627749,,rebound,rebound,,,,1627749|1627832|1628384|1629027|1629631|1630567|1631100|1631132|201152|203991,1610612737.0,22200235
5,PT02M42.00S,02:42,Q5 02:42,-10.7,706,rebound,A. Griffin REBOUND (Off:2 Def:2),[],Griffin,113,113,,False,False,1631100,,2pt missed,2pt made,,,,1627749|1627832|1628384|1629027|1629631|1630567|1631100|1631132|201152|203991,1610612737.0,22200235
5,PT02M42.00S,02:42,Q5 02:42,-10.7,707,2pt,A. Griffin tip Layup (13 PTS),"['pointsinthepaint', '2ndchance']",Griffin,115,113,Made,True,False,1631100,,rebound,2pt made,,,,1627749|1627832|1628384|1629027|1629631|1630567|1631100|1631132|201152|203991,1610612737.0,22200235
5,PT02M31.00S,02:31,Q5 02:31,-10.516666666666667,708,2pt,T. Young Layup (16 PTS) (S. Barnes 9 AST),['pointsinthepaint'],Young,115,115,Made,True,True,201152,1630567.0,2pt made,foul,,,,1627749|1627832|1628384|1629027|1629631|1630567|1631100|1631132|201152|203991,1610612761.0,22200235
5,PT02M13.00S,02:13,Q5 02:13,-10.216666666666667,710,foul,C. Koloko shooting personal FOUL (5 PF) (Hunter 2 FT),['2freethrow'],Koloko,115,115,,False,False,1631132,,2pt made,freethrow,1629631.0,,,1627749|1627832|1628384|1629027|1629631|1630567|1631100|1631132|201152|203991,1610612761.0,22200235
5,PT02M13.00S,02:13,Q5 02:13,-10.216666666666667,712,freethrow,D. Hunter Free Throw 1 of 2 (22 PTS),[],Hunter,116,115,Made,False,False,1629631,,foul,freethrow,,,,1627749|1627832|1628384|1629027|1629631|1630567|1631100|1631132|201152|203991,1610612737.0,22200235
5,PT02M13.00S,02:13,Q5 02:13,-10.216666666666667,713,freethrow,MISS D. Hunter Free Throw 2 of 2,[],Hunter,116,115,Missed,False,False,1629631,,freethrow,rebound,,,,1627749|1627832|1628384|1629027|1629631|1630567|1631100|1631132|201152|203991,1610612737.0,22200235
5,PT02M11.00S,02:11,Q5 02:11,-10.183333333333334,714,rebound,A. Griffin REBOUND (Off:3 Def:2),[],Griffin,116,115,,False,False,1631100,,freethrow,2pt made,,,,1627749|1627832|1628384|1629027|1629631|1630567|1631100|1631132|201152|203991,1610612737.0,22200235
5,PT01M58.00S,01:58,Q5 01:58,-11.966666666666667,715,2pt,A. Griffin 10' driving floating Jump Shot (15 PTS) (T. Young 11 AST),"['pointsinthepaint', '2ndchance']",Griffin,118,115,Made,True,True,1631100,1629027.0,rebound,3pt missed,,,,1627749|1627832|1628384|1629027|1629631|1630567|1631100|1631132|201152|203991,1610612737.0,22200235
5,PT01M42.00S,01:42,Q5 01:42,-11.7,717,3pt,MISS S. Barnes 25' pullup 3PT,[],Barnes,118,115,Missed,True,False,1630567,,2pt made,rebound,,,,1627749|1627832|1628384|1629027|1629631|1630567|1631100|1631132|201152|203991,1610612761.0,22200235
5,PT01M37.00S,01:37,Q5 01:37,-11.616666666666667,718,rebound,D. Hunter REBOUND (Off:1 Def:4),[],Hunter,118,115,,False,False,1629631,,3pt missed,3pt missed,,,,1627749|1627832|1628384|1629027|1629631|1630567|1631100|1631132|201152|203991,1610612737.0,22200235
5,PT01M17.00S,01:17,Q5 01:17,-11.283333333333333,719,3pt,MISS D. Murray 24' pullup 3PT,[],Murray,118,115,Missed,True,False,1627749,,rebound,rebound,,,,1627749|1627832|1628384|1629027|1629631|1630567|1631100|1631132|201152|203991,1610612737.0,22200235
5,PT01M16.00S,01:16,Q5 01:16,-11.266666666666667,721,rebound,TEAM offensive REBOUND,['team'],,118,115,,False,False,0,,3pt missed,turnover,,,,1627749|1627832|1628384|1629027|1629631|1630567|1631100|1631132|201152|203991,1610612737.0,22200235
5,PT01M16.00S,01:16,Q5 01:16,-11.266666666666667,722,turnover,ATL shot clock Team TURNOVER,['team'],,118,115,,False,False,0,,rebound,3pt missed,,,,1627749|1627832|1628384|1629027|1629631|1630567|1631100|1631132|201152|203991,1610612737.0,22200235
5,PT01M00.00S,01:00,Q5 01:00,-11.0,723,3pt,MISS O. Anunoby 25' 3PT,['fromturnover'],Anunoby,118,115,Missed,True,False,1628384,,turnover,rebound,,,,1627749|1627832|1628384|1629027|1629631|1630567|1631100|1631132|201152|203991,1610612761.0,22200235
5,PT00M58.60S,00:58,Q5 00:58,-12.966666666666667,724,rebound,T. Young REBOUND (Off:3 Def:6),[],Young,118,115,,False,False,201152,,3pt missed,2pt made,,,,1627749|1627832|1628384|1629027|1629631|1630567|1631100|1631132|201152|203991,1610612761.0,22200235
5,PT00M58.60S,00:58,Q5 00:58,-12.966666666666667,725,2pt,T. Young putback Layup (18 PTS),"['pointsinthepaint', 'fromturnover', '2ndchance']",Young,118,117,Made,True,False,201152,,rebound,foul,,,,1627749|1627832|1628384|1629027|1629631|1630567|1631100|1631132|201152|203991,1610612761.0,22200235
5,PT00M41.20S,00:41,Q5 00:41,-12.683333333333334,726,foul,T. Young personal FOUL (3 PF),[],Young,118,117,,False,False,201152,,2pt made,timeout,1629631.0,,,1627749|1627832|1628384|1629027|1629631|1630567|1631100|1631132|201152|203991,1610612761.0,22200235
5,PT00M41.20S,00:41,Q5 00:41,-12.683333333333334,728,timeout,ATL Timeout,"['team', 'mandatory']",,118,117,,False,False,0,,foul,2pt made,,,,1627749|1627832|1628384|1629027|1629631|1630567|1631100|1631132|201152|203991,1610612737.0,22200235
5,PT00M29.30S,00:29,Q5 00:29,-12.483333333333333,729,2pt,T. Young driving finger roll Layup (31 PTS),['pointsinthepaint'],Young,120,117,Made,True,False,1629027,,timeout,foul,,,,1627749|1627832|1628384|1629027|1629631|1630567|1631100|1631132|201152|203991,1610612737.0,22200235
5,PT00M12.70S,00:12,Q5 00:12,-12.2,731,foul,A. Griffin shooting personal FOUL (2 PF) (Koloko 2 FT),['2freethrow'],Griffin,120,117,,False,False,1631100,,2pt made,freethrow,1631132.0,,,1627749|1627832|1628384|1629027|1629631|1630567|1631100|1631132|201152|203991,1610612737.0,22200235
5,PT00M12.70S,00:12,Q5 00:12,-12.2,733,freethrow,MISS C. Koloko Free Throw 1 of 2,[],Koloko,120,117,Missed,False,False,1631132,,foul,rebound,,,,1627749|1627832|1628384|1629027|1629631|1630567|1631100|1631132|201152|203991,1610612761.0,22200235
5,PT00M12.70S,00:12,Q5 00:12,-12.2,734,rebound,TEAM offensive REBOUND,"['deadball', 'team']",,120,117,,False,False,0,,freethrow,freethrow,,,,1627749|1627832|1628384|1629027|1629631|1630567|1631100|1631132|201152|203991,1610612761.0,22200235
5,PT00M12.70S,00:12,Q5 00:12,-12.2,735,freethrow,C. Koloko Free Throw 2 of 2 (7 PTS),[],Koloko,120,118,Made,False,False,1631132,,rebound,foul,,,,1627749|1627832|1628384|1629027|1629631|1630567|1631100|1631132|201152|203991,1610612761.0,22200235
5,PT00M11.60S,00:11,Q5 00:11,-12.183333333333334,736,foul,O. Anunoby take personal FOUL (4 PF) (Young 2 FT),"['inpenalty', '2freethrow']",Anunoby,120,118,,False,False,1628384,,freethrow,freethrow,1629027.0,,,1627749|1627832|1628384|1629027|1629631|1630567|1631100|1631132|201152|203991,1610612761.0,22200235
5,PT00M11.60S,00:11,Q5 00:11,-12.183333333333334,738,freethrow,T. Young Free Throw 1 of 2 (32 PTS),[],Young,121,118,Made,False,False,1629027,,foul,freethrow,,,,1627749|1627832|1628384|1629027|1629631|1630567|1631100|1631132|201152|203991,1610612737.0,22200235
5,PT00M11.60S,00:11,Q5 00:11,-12.183333333333334,739,freethrow,T. Young Free Throw 2 of 2 (33 PTS),[],Young,122,118,Made,False,False,1629027,,freethrow,timeout,,,,1627749|1627832|1628384|1629027|1629631|1630567|1631100|1631132|201152|203991,1610612737.0,22200235
5,PT00M11.60S,00:11,Q5 00:11,-12.183333333333334,740,timeout,TOR Timeout,"['team', 'mandatory']",,122,118,,False,False,0,,freethrow,2pt made,,,,1627749|1627832|1628384|1629027|1629631|1630567|1631100|1631132|201152|203991,1610612761.0,22200235
5,PT00M08.80S,00:08,Q5 00:08,-12.133333333333333,741,2pt,O. Anunoby driving DUNK (25 PTS) (F. VanVleet 5 AST),['pointsinthepaint'],Anunoby,122,120,Made,True,True,1628384,1627832.0,timeout,timeout,,,,1627749|1627832|1628384|1629027|1629631|1630567|1631100|1631132|201152|203991,1610612761.0,22200235
5,PT00M08.80S,00:08,Q5 00:08,-12.133333333333333,743,timeout,ATL Timeout,['team'],,122,120,,False,False,0,,2pt made,substitution,,,,1627749|1627832|1628384|1629027|1629631|1630567|1631100|1631132|201152|203991,1610612737.0,22200235
5,PT00M08.80S,00:08,Q5 00:08,-12.133333333333333,744,substitution,SUB out: C. Capela,[],Capela,122,120,,False,False,203991,,timeout,substitution,,,,1627749|1627832|1628384|1629027|1629631|1630567|1631100|1631132|201152,1610612737.0,22200235
5,PT00M08.80S,00:08,Q5 00:08,-12.133333333333333,745,substitution,SUB in: J. Holiday,[],Holiday,122,120,,False,False,203200,,substitution,foul,,,,1627749|1627832|1628384|1629027|1629631|1630567|1631100|1631132|201152|203200,1610612737.0,22200235
5,PT00M08.10S,00:08,Q5 00:08,-12.133333333333333,746,foul,S. Barnes personal FOUL (3 PF) (Hunter 2 FT),"['inpenalty', '2freethrow']",Barnes,122,120,,False,False,1630567,,substitution,freethrow,1629631.0,,,1627749|1627832|1628384|1629027|1629631|1630567|1631100|1631132|201152|203200,1610612761.0,22200235
5,PT00M08.10S,00:08,Q5 00:08,-12.133333333333333,748,freethrow,MISS D. Hunter Free Throw 1 of 2,[],Hunter,122,120,Missed,False,False,1629631,,foul,rebound,,,,1627749|1627832|1628384|1629027|1629631|1630567|1631100|1631132|201152|203200,1610612737.0,22200235
5,PT00M08.10S,00:08,Q5 00:08,-12.133333333333333,749,rebound,TEAM offensive REBOUND,"['deadball', 'team']",,122,120,,False,False,0,,freethrow,substitution,,,,1627749|1627832|1628384|1629027|1629631|1630567|1631100|1631132|201152|203200,1610612737.0,22200235
5,PT00M08.10S,00:08,Q5 00:08,-12.133333333333333,750,substitution,SUB out: J. Holiday,[],Holiday,122,120,,False,False,203200,,rebound,substitution,,,,1627749|1627832|1628384|1629027|1629631|1630567|1631100|1631132|201152,1610612737.0,22200235
5,PT00M08.10S,00:08,Q5 00:08,-12.133333333333333,751,substitution,SUB in: C. Capela,[],Capela,122,120,,False,False,203991,,substitution,freethrow,,,,1627749|1627832|1628384|1629027|1629631|1630567|1631100|1631132|201152|203991,1610612737.0,22200235
5,PT00M08.10S,00:08,Q5 00:08,-12.133333333333333,752,freethrow,MISS D. Hunter Free Throw 2 of 2,[],Hunter,122,120,Missed,False,False,1629631,,substitution,rebound,,,,1627749|1627832|1628384|1629027|1629631|1630567|1631100|1631132|201152|203991,1610612737.0,22200235
5,PT00M07.80S,00:07,Q5 00:07,-12.116666666666667,753,rebound,C. Koloko REBOUND (Off:7 Def:4),[],Koloko,122,120,,False,False,1631132,,freethrow,timeout,,,,1627749|1627832|1628384|1629027|1629631|1630567|1631100|1631132|201152|203991,1610612761.0,22200235
5,PT00M07.80S,00:07,Q5 00:07,-12.116666666666667,754,timeout,TOR Timeout,['team'],,122,120,,False,False,0,,rebound,substitution,,,,1627749|1627832|1628384|1629027|1629631|1630567|1631100|1631132|201152|203991,1610612761.0,22200235
5,PT00M07.80S,00:07,Q5 00:07,-12.116666666666667,755,substitution,SUB out: T. Young,[],Young,122,120,,False,False,1629027,,timeout,substitution,,,,1627749|1627832|1628384|1629631|1630567|1631100|1631132|201152|203991,1610612737.0,22200235
5,PT00M07.80S,00:07,Q5 00:07,-12.116666666666667,756,substitution,SUB in: J. Holiday,[],Holiday,122,120,,False,False,203200,,substitution,foul,,,,1627749|1627832|1628384|1629631|1630567|1631100|1631132|201152|203200|203991,1610612737.0,22200235
5,PT00M03.80S,00:03,Q5 00:03,-12.05,757,foul,C. Capela shooting personal FOUL (4 PF) (Anunoby 2 FT),"['inpenalty', '2freethrow']",Capela,122,120,,False,False,203991,,substitution,freethrow,1628384.0,,,1627749|1627832|1628384|1629631|1630567|1631100|1631132|201152|203200|203991,1610612737.0,22200235
5,PT00M03.80S,00:03,Q5 00:03,-12.05,759,freethrow,O. Anunoby Free Throw 1 of 2 (26 PTS),[],Anunoby,122,121,Made,False,False,1628384,,foul,substitution,,,,1627749|1627832|1628384|1629631|1630567|1631100|1631132|201152|203200|203991,1610612761.0,22200235
5,PT00M03.80S,00:03,Q5 00:03,-12.05,760,substitution,SUB out: J. Holiday,[],Holiday,122,121,,False,False,203200,,freethrow,substitution,,,,1627749|1627832|1628384|1629631|1630567|1631100|1631132|201152|203991,1610612737.0,22200235
5,PT00M03.80S,00:03,Q5 00:03,-12.05,761,substitution,SUB in: T. Young,[],Young,122,121,,False,False,1629027,,substitution,freethrow,,,,1627749|1627832|1628384|1629027|1629631|1630567|1631100|1631132|201152|203991,1610612737.0,22200235
5,PT00M03.80S,00:03,Q5 00:03,-12.05,762,freethrow,O. Anunoby Free Throw 2 of 2 (27 PTS),[],Anunoby,122,122,Made,False,False,1628384,,substitution,2pt made,,,,1627749|1627832|1628384|1629027|1629631|1630567|1631100|1631132|201152|203991,1610612761.0,22200235
5,PT00M00.00S,00:00,Q5 00:00,-12.0,763,2pt,A. Griffin alley-oop Layup (17 PTS) (T. Young 12 AST),['pointsinthepaint'],Griffin,124,122,Made,True,True,1631100,1629027.0,freethrow,,,,,1627749|1627832|1628384|1629027|1629631|1630567|1631100|1631132|201152|203991,1610612737.0,22200235
