period,clock,clock_display,game_clock,minutes_left_in_game,actionNumber,actionType,description,qualifier,playerName,scoreHome,scoreAway,shotResult,isFieldGoal,assisted,person_id,assister_id,previous_action,next_action,foulDrawnPersonId,stealPersonId,blockPersonId,players_on,teamId,game_id
1,PT11M40.00S,11:40,Q1 11:40,46.333333333333336,7,2pt,MISS K. Irving 17' fadeaway Shot,[],Irving,0,0,Missed,True,False,202681,,,rebound,,,,1627832|1627884|1628415|1629023|1629029|1629655|1630224|1631095|1641708|202681,1610612742.0,22301083
1,PT11M39.00S,11:39,Q1 11:39,46.35,8,rebound,F. VanVleet REBOUND (Off:0 Def:1),[],VanVleet,0,0,,False,False,1627832,,2pt missed,3pt made,,,,1627832|1627884|1628415|1629023|1629029|1629655|1630224|1631095|1641708|202681,1610612745.0,22301083
1,PT11M24.00S,11:24,Q1 11:24,46.6,9,3pt,J. Smith Jr. 25' 3PT  (3 PTS) (D. Brooks 1 AST),[],Smith Jr.,3,0,Made,True,True,1631095,1628415.0,rebound,2pt missed,,,,1627832|1627884|1628415|1629023|1629029|1629655|1630224|1631095|1641708|202681,1610612745.0,22301083
1,PT11M13.00S,11:13,Q1 11:13,46.78333333333333,11,2pt,MISS L. Doncic 13' step back Shot,['pointsinthepaint'],Doncic,3,0,Missed,True,False,1629029,,3pt made,rebound,,,,1627832|1627884|1628415|1629023|1629029|1629655|1630224|1631095|1641708|202681,1610612742.0,22301083
1,PT11M12.00S,11:12,Q1 11:12,46.8,12,rebound,J. Smith Jr. REBOUND (Off:0 Def:1),[],Smith Jr.,3,0,,False,False,1631095,,2pt missed,foul,,,,1627832|1627884|1628415|1629023|1629029|1629655|1630224|1631095|1641708|202681,1610612745.0,22301083
1,PT11M11.00S,11:11,Q1 11:11,46.81666666666667,13,foul,D. Gafford personal FOUL (1 PF),[],Gafford,3,0,,False,False,1629655,,rebound,2pt missed,1631095.0,,,1627832|1627884|1628415|1629023|1629029|1629655|1630224|1631095|1641708|202681,1610612742.0,22301083
1,PT10M52.00S,10:52,Q1 10:52,45.13333333333333,15,2pt,MISS J. Green 16' turnaround fadeaway Shot,[],Green,3,0,Missed,True,False,1630224,,foul,rebound,,,,1627832|1627884|1628415|1629023|1629029|1629655|1630224|1631095|1641708|202681,1610612745.0,22301083
1,PT10M51.00S,10:51,Q1 10:51,45.15,16,rebound,A. Thompson REBOUND (Off:1 Def:0),[],Thompson,3,0,,False,False,1641708,,2pt missed,2pt made,,,,1627832|1627884|1628415|1629023|1629029|1629655|1630224|1631095|1641708|202681,1610612745.0,22301083
1,PT10M49.00S,10:49,Q1 10:49,45.18333333333333,17,2pt,A. Thompson putback Layup (2 PTS),"['pointsinthepaint', '2ndchance']",Thompson,5,0,Made,True,False,1641708,,rebound,foul,,,,1627832|1627884|1628415|1629023|1629029|1629655|1630224|1631095|1641708|202681,1610612745.0,22301083
1,PT10M40.00S,10:40,Q1 10:40,45.333333333333336,19,foul,D. Jones Jr. offensive FOUL (1 PF),[],Jones Jr.,5,0,,False,False,1627884,,2pt made,turnover,1627832.0,,,1627832|1627884|1628415|1629023|1629029|1629655|1630224|1631095|1641708|202681,1610612742.0,22301083
1,PT10M40.00S,10:40,Q1 10:40,45.333333333333336,21,turnover,D. Jones Jr. offensive foul TURNOVER (1 TO),[],Jones Jr.,5,0,,False,False,1627884,,foul,foul,,,,1627832|1627884|1628415|1629023|1629029|1629655|1630224|1631095|1641708|202681,1610612742.0,22301083
1,PT10M32.00S,10:32,Q1 10:32,45.46666666666667,22,foul,A. Thompson offensive FOUL (1 PF),[],Thompson,5,0,,False,False,1641708,,turnover,turnover,1627884.0,,,1627832|1627884|1628415|1629023|1629029|1629655|1630224|1631095|1641708|202681,1610612745.0,22301083
1,PT10M32.00S,10:32,Q1 10:32,45.46666666666667,24,turnover,A. Thompson offensive foul TURNOVER (1 TO),[],Thompson,5,0,,False,False,1641708,,foul,2pt made,,,,1627832|1627884|1628415|1629023|1629029|1629655|1630224|1631095|1641708|202681,1610612745.0,22301083
1,PT10M16.00S,10:16,Q1 10:16,45.733333333333334,25,2pt,L. Doncic 13' turnaround fadeaway Jump Shot (2 PTS),"['pointsinthepaint', 'fromturnover']",Doncic,5,2,Made,True,False,1629029,,turnover,3pt missed,,,,1627832|1627884|1628415|1629023|1629029|1629655|1630224|1631095|1641708|202681,1610612742.0,22301083
1,PT10M04.00S,10:04,Q1 10:04,45.93333333333333,26,3pt,MISS D. Brooks 24' 3PT,[],Brooks,5,2,Missed,True,False,1628415,,2pt made,rebound,,,,1627832|1627884|1628415|1629023|1629029|1629655|1630224|1631095|1641708|202681,1610612745.0,22301083
1,PT10M03.00S,10:03,Q1 10:03,45.95,27,rebound,L. Doncic REBOUND (Off:0 Def:1),[],Doncic,5,2,,False,False,1629029,,3pt missed,2pt made,,,,1627832|1627884|1628415|1629023|1629029|1629655|1630224|1631095|1641708|202681,1610612742.0,22301083
1,PT09M51.00S,09:51,Q1 09:51,44.15,28,2pt,L. Doncic driving Layup (4 PTS),['pointsinthepaint'],Doncic,5,4,Made,True,False,1629029,,rebound,3pt missed,,,,1627832|1627884|1628415|1629023|1629029|1629655|1630224|1631095|1641708|202681,1610612742.0,22301083
1,PT09M38.00S,09:38,Q1 09:38,44.36666666666667,29,3pt,MISS A. Thompson 25' 3PT,[],Thompson,5,4,Missed,True,False,1641708,,2pt made,rebound,,,,1627832|1627884|1628415|1629023|1629029|1629655|1630224|1631095|1641708|202681,1610612745.0,22301083
1,PT09M37.00S,09:37,Q1 09:37,44.38333333333333,30,rebound,L. Doncic REBOUND (Off:0 Def:2),[],Doncic,5,4,,False,False,1629029,,3pt missed,foul,,,,1627832|1627884|1628415|1629023|1629029|1629655|1630224|1631095|1641708|202681,1610612742.0,22301083
1,PT09M31.00S,09:31,Q1 09:31,44.483333333333334,31,foul,A. Thompson shooting personal FOUL (2 PF) (Washington 2 FT),['2freethrow'],Thompson,5,4,,False,False,1641708,,rebound,freethrow,1629023.0,,,1627832|1627884|1628415|1629023|1629029|1629655|1630224|1631095|1641708|202681,1610612745.0,22301083
1,PT09M31.00S,09:31,Q1 09:31,44.483333333333334,33,freethrow,P. Washington Free Throw 1 of 2 (1 PTS),['fastbreak'],Washington,5,5,Made,False,False,1629023,,foul,substitution,,,,1627832|1627884|1628415|1629023|1629029|1629655|1630224|1631095|1641708|202681,1610612742.0,22301083
1,PT09M31.00S,09:31,Q1 09:31,44.483333333333334,34,substitution,SUB out: A. Thompson,[],Thompson,5,5,,False,False,1641708,,freethrow,substitution,,,,1627832|1627884|1628415|1629023|1629029|1629655|1630224|1631095|202681,1610612745.0,22301083
1,PT09M31.00S,09:31,Q1 09:31,44.483333333333334,35,substitution,SUB in: R. Bullock Jr.,[],Bullock Jr.,5,5,,False,False,203493,,substitution,freethrow,,,,1627832|1627884|1628415|1629023|1629029|1629655|1630224|1631095|202681|203493,1610612745.0,22301083
1,PT09M31.00S,09:31,Q1 09:31,44.483333333333334,36,freethrow,MISS P. Washington Free Throw 2 of 2,['fastbreak'],Washington,5,5,Missed,False,False,1629023,,substitution,rebound,,,,1627832|1627884|1628415|1629023|1629029|1629655|1630224|1631095|202681|203493,1610612742.0,22301083
1,PT09M31.00S,09:31,Q1 09:31,44.483333333333334,37,rebound,J. Green REBOUND (Off:0 Def:1),[],Green,5,5,,False,False,1630224,,freethrow,2pt made,,,,1627832|1627884|1628415|1629023|1629029|1629655|1630224|1631095|202681|203493,1610612745.0,22301083
1,PT09M14.00S,09:14,Q1 09:14,44.766666666666666,38,2pt,J. Green driving finger roll Layup (2 PTS) (J. Smith Jr. 1 AST),['pointsinthepaint'],Green,7,5,Made,True,True,1630224,1631095.0,rebound,3pt missed,,,,1627832|1627884|1628415|1629023|1629029|1629655|1630224|1631095|202681|203493,1610612745.0,22301083
1,PT09M07.00S,09:07,Q1 09:07,44.88333333333333,40,3pt,MISS L. Doncic 25' pullup 3PT,[],Doncic,7,5,Missed,True,False,1629029,,2pt made,rebound,,,,1627832|1627884|1628415|1629023|1629029|1629655|1630224|1631095|202681|203493,1610612742.0,22301083
1,PT09M06.00S,09:06,Q1 09:06,44.9,41,rebound,J. Green REBOUND (Off:0 Def:2),[],Green,7,5,,False,False,1630224,,3pt missed,3pt made,,,,1627832|1627884|1628415|1629023|1629029|1629655|1630224|1631095|202681|203493,1610612745.0,22301083
1,PT08M50.00S,08:50,Q1 08:50,43.166666666666664,42,3pt,J. Smith Jr. 3PT  (6 PTS) (R. Bullock Jr. 1 AST),[],Smith Jr.,10,5,Made,True,True,1631095,203493.0,rebound,2pt made,,,,1627832|1627884|1628415|1629023|1629029|1629655|1630224|1631095|202681|203493,1610612745.0,22301083
1,PT08M35.00S,08:35,Q1 08:35,43.416666666666664,44,2pt,D. Gafford alley-oop Layup (2 PTS) (L. Doncic 1 AST),['pointsinthepaint'],Gafford,10,7,Made,True,True,1629655,1629029.0,3pt made,2pt missed,,,,1627832|1627884|1628415|1629023|1629029|1629655|1630224|1631095|202681|203493,1610612742.0,22301083
1,PT08M23.00S,08:23,Q1 08:23,43.61666666666667,46,2pt,MISS J. Smith Jr. 13' turnaround fadeaway Shot,[],Smith Jr.,10,7,Missed,True,False,1631095,,2pt made,rebound,,,,1627832|1627884|1628415|1629023|1629029|1629655|1630224|1631095|202681|203493,1610612745.0,22301083
1,PT08M22.00S,08:22,Q1 08:22,43.63333333333333,47,rebound,L. Doncic REBOUND (Off:0 Def:3),[],Doncic,10,7,,False,False,1629029,,2pt missed,3pt missed,,,,1627832|1627884|1628415|1629023|1629029|1629655|1630224|1631095|202681|203493,1610612742.0,22301083
1,PT08M14.00S,08:14,Q1 08:14,43.766666666666666,48,3pt,MISS P. Washington 3PT,[],Washington,10,7,Missed,True,False,1629023,,rebound,rebound,,,,1627832|1627884|1628415|1629023|1629029|1629655|1630224|1631095|202681|203493,1610612742.0,22301083
1,PT08M12.00S,08:12,Q1 08:12,43.8,49,rebound,D. Jones Jr. REBOUND (Off:1 Def:0),[],Jones Jr.,10,7,,False,False,1627884,,3pt missed,2pt missed,,,,1627832|1627884|1628415|1629023|1629029|1629655|1630224|1631095|202681|203493,1610612742.0,22301083
1,PT08M12.00S,08:12,Q1 08:12,43.8,50,2pt,MISS D. Jones Jr. tip Layup,"['2ndchance', 'pointsinthepaint']",Jones Jr.,10,7,Missed,True,False,1627884,,rebound,rebound,,,,1627832|1627884|1628415|1629023|1629029|1629655|1630224|1631095|202681|203493,1610612742.0,22301083
1,PT08M10.00S,08:10,Q1 08:10,43.833333333333336,51,rebound,D. Brooks REBOUND (Off:0 Def:1),[],Brooks,10,7,,False,False,1628415,,2pt missed,2pt missed,,,,1627832|1627884|1628415|1629023|1629029|1629655|1630224|1631095|202681|203493,1610612745.0,22301083
1,PT07M58.00S,07:58,Q1 07:58,42.03333333333333,52,2pt,MISS J. Smith Jr. driving Layup - blocked,['pointsinthepaint'],Smith Jr.,10,7,Missed,True,False,1631095,,rebound,block,,,1629655.0,1627832|1627884|1628415|1629023|1629029|1629655|1630224|1631095|202681|203493,1610612745.0,22301083
1,PT07M58.00S,07:58,Q1 07:58,42.03333333333333,53,block,D. Gafford BLOCK (1 BLK),[],Gafford,10,7,,False,False,1629655,,2pt missed,rebound,,,,1627832|1627884|1628415|1629023|1629029|1629655|1630224|1631095|202681|203493,1610612742.0,22301083
1,PT07M56.00S,07:56,Q1 07:56,42.06666666666667,54,rebound,D. Gafford REBOUND (Off:0 Def:1),[],Gafford,10,7,,False,False,1629655,,block,foul,,,,1627832|1627884|1628415|1629023|1629029|1629655|1630224|1631095|202681|203493,1610612742.0,22301083
1,PT07M53.00S,07:53,Q1 07:53,42.11666666666667,55,foul,D. Brooks personal FOUL (1 PF),[],Brooks,10,7,,False,False,1628415,,rebound,substitution,1629023.0,,,1627832|1627884|1628415|1629023|1629029|1629655|1630224|1631095|202681|203493,1610612745.0,22301083
1,PT07M53.00S,07:53,Q1 07:53,42.11666666666667,57,substitution,SUB out: D. Gafford,[],Gafford,10,7,,False,False,1629655,,foul,substitution,,,,1627832|1627884|1628415|1629023|1629029|1630224|1631095|202681|203493,1610612742.0,22301083
1,PT07M53.00S,07:53,Q1 07:53,42.11666666666667,58,substitution,SUB out: D. Jones Jr.,[],Jones Jr.,10,7,,False,False,1627884,,substitution,substitution,,,,1627832|1628415|1629023|1629029|1630224|1631095|202681|203493,1610612742.0,22301083
1,PT07M53.00S,07:53,Q1 07:53,42.11666666666667,59,substitution,SUB in: D. Exum,[],Exum,10,7,,False,False,203957,,substitution,substitution,,,,1627832|1628415|1629023|1629029|1630224|1631095|202681|203493|203957,1610612742.0,22301083
1,PT07M53.00S,07:53,Q1 07:53,42.11666666666667,60,substitution,SUB in: D. Lively II,[],Lively II,10,7,,False,False,1641726,,substitution,3pt made,,,,1627832|1628415|1629023|1629029|1630224|1631095|1641726|202681|203493|203957,1610612742.0,22301083
1,PT07M43.00S,07:43,Q1 07:43,42.28333333333333,61,3pt,P. Washington 25' 3PT  (4 PTS) (L. Doncic 2 AST),[],Washington,10,10,Made,True,True,1629023,1629029.0,substitution,2pt missed,,,,1627832|1628415|1629023|1629029|1630224|1631095|1641726|202681|203493|203957,1610612742.0,22301083
1,PT07M27.00S,07:27,Q1 07:27,42.55,63,2pt,MISS R. Bullock Jr. 12' pullup Shot - blocked,['pointsinthepaint'],Bullock Jr.,10,10,Missed,True,False,203493,,3pt made,block,,,1641726.0,1627832|1628415|1629023|1629029|1630224|1631095|1641726|202681|203493|203957,1610612745.0,22301083
1,PT07M27.00S,07:27,Q1 07:27,42.55,64,block,D. Lively II BLOCK (1 BLK),[],Lively II,10,10,,False,False,1641726,,2pt missed,rebound,,,,1627832|1628415|1629023|1629029|1630224|1631095|1641726|202681|203493|203957,1610612742.0,22301083
1,PT07M26.00S,07:26,Q1 07:26,42.56666666666667,65,rebound,L. Doncic REBOUND (Off:0 Def:4),[],Doncic,10,10,,False,False,1629029,,block,2pt made,,,,1627832|1628415|1629023|1629029|1630224|1631095|1641726|202681|203493|203957,1610612742.0,22301083
1,PT07M19.00S,07:19,Q1 07:19,42.68333333333333,66,2pt,L. Doncic running Layup (6 PTS),"['pointsinthepaint', 'fastbreak']",Doncic,10,12,Made,True,False,1629029,,rebound,3pt missed,,,,1627832|1628415|1629023|1629029|1630224|1631095|1641726|202681|203493|203957,1610612742.0,22301083
1,PT07M12.00S,07:12,Q1 07:12,42.8,67,3pt,MISS D. Brooks 25' pullup 3PT,[],Brooks,10,12,Missed,True,False,1628415,,2pt made,rebound,,,,1627832|1628415|1629023|1629029|1630224|1631095|1641726|202681|203493|203957,1610612745.0,22301083
1,PT07M10.00S,07:10,Q1 07:10,42.833333333333336,68,rebound,L. Doncic REBOUND (Off:0 Def:5),[],Doncic,10,12,,False,False,1629029,,3pt missed,3pt made,,,,1627832|1628415|1629023|1629029|1630224|1631095|1641726|202681|203493|203957,1610612742.0,22301083
1,PT06M52.00S,06:52,Q1 06:52,41.13333333333333,69,3pt,L. Doncic 24' 3PT step back (9 PTS),[],Doncic,10,15,Made,True,False,1629029,,rebound,foul,,,,1627832|1628415|1629023|1629029|1630224|1631095|1641726|202681|203493|203957,1610612742.0,22301083
1,PT06M35.00S,06:35,Q1 06:35,41.416666666666664,70,foul,K. Irving shooting personal FOUL (1 PF) (Smith Jr. 2 FT),['2freethrow'],Irving,10,15,,False,False,202681,,3pt made,timeout,1631095.0,,,1627832|1628415|1629023|1629029|1630224|1631095|1641726|202681|203493|203957,1610612742.0,22301083
1,PT06M35.00S,06:35,Q1 06:35,41.416666666666664,72,timeout,HOU Timeout,"['team', 'mandatory']",,10,15,,False,False,0,,foul,substitution,,,,1627832|1628415|1629023|1629029|1630224|1631095|1641726|202681|203493|203957,1610612745.0,22301083
1,PT06M35.00S,06:35,Q1 06:35,41.416666666666664,73,substitution,SUB out: K. Irving,[],Irving,10,15,,False,False,202681,,timeout,substitution,,,,1627832|1628415|1629023|1629029|1630224|1631095|1641726|203493|203957,1610612742.0,22301083
1,PT06M35.00S,06:35,Q1 06:35,41.416666666666664,74,substitution,SUB in: T. Hardaway Jr.,[],Hardaway Jr.,10,15,,False,False,203501,,substitution,freethrow,,,,1627832|1628415|1629023|1629029|1630224|1631095|1641726|203493|203501|203957,1610612742.0,22301083
1,PT06M35.00S,06:35,Q1 06:35,41.416666666666664,75,freethrow,J. Smith Jr. Free Throw 1 of 2 (7 PTS),[],Smith Jr.,11,15,Made,False,False,1631095,,substitution,freethrow,,,,1627832|1628415|1629023|1629029|1630224|1631095|1641726|203493|203501|203957,1610612745.0,22301083
1,PT06M35.00S,06:35,Q1 06:35,41.416666666666664,76,freethrow,J. Smith Jr. Free Throw 2 of 2 (8 PTS),[],Smith Jr.,12,15,Made,False,False,1631095,,freethrow,foul,,,,1627832|1628415|1629023|1629029|1630224|1631095|1641726|203493|203501|203957,1610612745.0,22301083
1,PT06M19.00S,06:19,Q1 06:19,41.68333333333333,77,foul,J. Smith Jr. shooting personal FOUL (1 PF) (Doncic 2 FT),['2freethrow'],Smith Jr.,12,15,,False,False,1631095,,freethrow,freethrow,1629029.0,,,1627832|1628415|1629023|1629029|1630224|1631095|1641726|203493|203501|203957,1610612745.0,22301083
1,PT06M19.00S,06:19,Q1 06:19,41.68333333333333,79,freethrow,L. Doncic Free Throw 1 of 2 (10 PTS),[],Doncic,12,16,Made,False,False,1629029,,foul,substitution,,,,1627832|1628415|1629023|1629029|1630224|1631095|1641726|203493|203501|203957,1610612742.0,22301083
1,PT06M19.00S,06:19,Q1 06:19,41.68333333333333,80,substitution,SUB out: J. Smith Jr.,[],Smith Jr.,12,16,,False,False,1631095,,freethrow,substitution,,,,1627832|1628415|1629023|1629029|1630224|1641726|203493|203501|203957,1610612745.0,22301083
1,PT06M19.00S,06:19,Q1 06:19,41.68333333333333,81,substitution,SUB in: J. Landale,[],Landale,12,16,,False,False,1629111,,substitution,freethrow,,,,1627832|1628415|1629023|1629029|1629111|1630224|1641726|203493|203501|203957,1610612745.0,22301083
1,PT06M19.00S,06:19,Q1 06:19,41.68333333333333,82,freethrow,MISS L. Doncic Free Throw 2 of 2,[],Doncic,12,16,Missed,False,False,1629029,,substitution,rebound,,,,1627832|1628415|1629023|1629029|1629111|1630224|1641726|203493|203501|203957,1610612742.0,22301083
1,PT06M19.00S,06:19,Q1 06:19,41.68333333333333,83,rebound,D. Lively II REBOUND (Off:1 Def:0),[],Lively II,12,16,,False,False,1641726,,freethrow,turnover,,,,1627832|1628415|1629023|1629029|1629111|1630224|1641726|203493|203501|203957,1610612742.0,22301083
1,PT06M11.00S,06:11,Q1 06:11,41.81666666666667,84,turnover,T. Hardaway Jr. bad pass TURNOVER (1 TO),[],Hardaway Jr.,12,16,,False,False,203501,,rebound,steal,,1629111.0,,1627832|1628415|1629023|1629029|1629111|1630224|1641726|203493|203501|203957,1610612742.0,22301083
1,PT06M11.00S,06:11,Q1 06:11,41.81666666666667,85,steal,J. Landale STEAL (1 STL),[],Landale,12,16,,False,False,1629111,,turnover,2pt missed,,,,1627832|1628415|1629023|1629029|1629111|1630224|1641726|203493|203501|203957,1610612745.0,22301083
1,PT05M57.00S,05:57,Q1 05:57,40.05,86,2pt,MISS J. Landale 11' turnaround Shot,"['pointsinthepaint', 'fromturnover']",Landale,12,16,Missed,True,False,1629111,,steal,rebound,,,,1627832|1628415|1629023|1629029|1629111|1630224|1641726|203493|203501|203957,1610612745.0,22301083
1,PT05M56.00S,05:56,Q1 05:56,40.06666666666667,87,rebound,L. Doncic REBOUND (Off:0 Def:6),[],Doncic,12,16,,False,False,1629029,,2pt missed,2pt made,,,,1627832|1628415|1629023|1629029|1629111|1630224|1641726|203493|203501|203957,1610612742.0,22301083
1,PT05M48.00S,05:48,Q1 05:48,40.2,88,2pt,D. Lively II DUNK (2 PTS) (D. Exum 1 AST),['pointsinthepaint'],Lively II,12,18,Made,True,True,1641726,203957.0,rebound,3pt made,,,,1627832|1628415|1629023|1629029|1629111|1630224|1641726|203493|203501|203957,1610612742.0,22301083
1,PT05M32.00S,05:32,Q1 05:32,40.46666666666667,90,3pt,R. Bullock Jr. 3PT  (3 PTS) (F. VanVleet 1 AST),[],Bullock Jr.,15,18,Made,True,True,203493,1627832.0,2pt made,3pt missed,,,,1627832|1628415|1629023|1629029|1629111|1630224|1641726|203493|203501|203957,1610612745.0,22301083
1,PT05M07.00S,05:07,Q1 05:07,40.88333333333333,92,3pt,MISS L. Doncic 26' 3PT,[],Doncic,15,18,Missed,True,False,1629029,,3pt made,rebound,,,,1627832|1628415|1629023|1629029|1629111|1630224|1641726|203493|203501|203957,1610612742.0,22301083
1,PT05M06.00S,05:06,Q1 05:06,40.9,93,rebound,R. Bullock Jr. REBOUND (Off:0 Def:1),[],Bullock Jr.,15,18,,False,False,203493,,3pt missed,3pt missed,,,,1627832|1628415|1629023|1629029|1629111|1630224|1641726|203493|203501|203957,1610612745.0,22301083
1,PT04M58.00S,04:58,Q1 04:58,39.03333333333333,94,3pt,MISS R. Bullock Jr. 28' 3PT,[],Bullock Jr.,15,18,Missed,True,False,203493,,rebound,rebound,,,,1627832|1628415|1629023|1629029|1629111|1630224|1641726|203493|203501|203957,1610612745.0,22301083
1,PT04M57.00S,04:57,Q1 04:57,39.05,95,rebound,T. Hardaway Jr. REBOUND (Off:0 Def:1),[],Hardaway Jr.,15,18,,False,False,203501,,3pt missed,2pt missed,,,,1627832|1628415|1629023|1629029|1629111|1630224|1641726|203493|203501|203957,1610612742.0,22301083
1,PT04M46.00S,04:46,Q1 04:46,39.233333333333334,96,2pt,MISS P. Washington 9' driving Hook,['pointsinthepaint'],Washington,15,18,Missed,True,False,1629023,,rebound,rebound,,,,1627832|1628415|1629023|1629029|1629111|1630224|1641726|203493|203501|203957,1610612742.0,22301083
1,PT04M45.00S,04:45,Q1 04:45,39.25,97,rebound,TEAM offensive REBOUND,['team'],,15,18,,False,False,0,,2pt missed,substitution,,,,1627832|1628415|1629023|1629029|1629111|1630224|1641726|203493|203501|203957,1610612742.0,22301083
1,PT04M45.00S,04:45,Q1 04:45,39.25,99,substitution,SUB out: P. Washington,[],Washington,15,18,,False,False,1629023,,rebound,substitution,,,,1627832|1628415|1629029|1629111|1630224|1641726|203493|203501|203957,1610612742.0,22301083
1,PT04M45.00S,04:45,Q1 04:45,39.25,100,substitution,SUB in: M. Kleber,[],Kleber,15,18,,False,False,1628467,,substitution,3pt made,,,,1627832|1628415|1628467|1629029|1629111|1630224|1641726|203493|203501|203957,1610612742.0,22301083
1,PT04M38.00S,04:38,Q1 04:38,39.36666666666667,101,3pt,D. Exum 3PT  (3 PTS) (L. Doncic 3 AST),['2ndchance'],Exum,15,21,Made,True,True,203957,1629029.0,substitution,2pt made,,,,1627832|1628415|1628467|1629029|1629111|1630224|1641726|203493|203501|203957,1610612742.0,22301083
1,PT04M23.00S,04:23,Q1 04:23,39.61666666666667,103,2pt,J. Landale driving bank Hook (2 PTS) (F. VanVleet 2 AST),['pointsinthepaint'],Landale,17,21,Made,True,True,1629111,1627832.0,3pt made,3pt made,,,,1627832|1628415|1628467|1629029|1629111|1630224|1641726|203493|203501|203957,1610612745.0,22301083
1,PT04M07.00S,04:07,Q1 04:07,39.88333333333333,105,3pt,D. Exum 3PT  (6 PTS) (L. Doncic 4 AST),[],Exum,17,24,Made,True,True,203957,1629029.0,2pt made,turnover,,,,1627832|1628415|1628467|1629029|1629111|1630224|1641726|203493|203501|203957,1610612742.0,22301083
1,PT03M51.00S,03:51,Q1 03:51,38.15,107,turnover,J. Green bad pass TURNOVER (1 TO),[],Green,17,24,,False,False,1630224,,3pt made,steal,,1641726.0,,1627832|1628415|1628467|1629029|1629111|1630224|1641726|203493|203501|203957,1610612745.0,22301083
1,PT03M51.00S,03:51,Q1 03:51,38.15,108,steal,D. Lively II STEAL (1 STL),[],Lively II,17,24,,False,False,1641726,,turnover,2pt missed,,,,1627832|1628415|1628467|1629029|1629111|1630224|1641726|203493|203501|203957,1610612742.0,22301083
1,PT03M45.00S,03:45,Q1 03:45,38.25,109,2pt,MISS T. Hardaway Jr. 11' running pullup Shot,"['fastbreak', 'fromturnover']",Hardaway Jr.,17,24,Missed,True,False,203501,,steal,rebound,,,,1627832|1628415|1628467|1629029|1629111|1630224|1641726|203493|203501|203957,1610612742.0,22301083
1,PT03M44.00S,03:44,Q1 03:44,38.266666666666666,110,rebound,J. Landale REBOUND (Off:0 Def:1),[],Landale,17,24,,False,False,1629111,,2pt missed,2pt missed,,,,1627832|1628415|1628467|1629029|1629111|1630224|1641726|203493|203501|203957,1610612745.0,22301083
1,PT03M35.00S,03:35,Q1 03:35,38.416666666666664,111,2pt,MISS J. Landale driving finger roll Layup,['pointsinthepaint'],Landale,17,24,Missed,True,False,1629111,,rebound,rebound,,,,1627832|1628415|1628467|1629029|1629111|1630224|1641726|203493|203501|203957,1610612745.0,22301083
1,PT03M34.00S,03:34,Q1 03:34,38.43333333333333,112,rebound,L. Doncic REBOUND (Off:0 Def:7),[],Doncic,17,24,,False,False,1629029,,2pt missed,3pt made,,,,1627832|1628415|1628467|1629029|1629111|1630224|1641726|203493|203501|203957,1610612742.0,22301083
1,PT03M21.00S,03:21,Q1 03:21,38.65,114,3pt,L. Doncic 24' 3PT step back (13 PTS),[],Doncic,17,27,Made,True,False,1629029,,rebound,timeout,,,,1627832|1628415|1628467|1629029|1629111|1630224|1641726|203493|203501|203957,1610612742.0,22301083
1,PT03M21.00S,03:21,Q1 03:21,38.65,115,timeout,HOU Timeout,"['team', 'mandatory']",,17,27,,False,False,0,,3pt made,substitution,,,,1627832|1628415|1628467|1629029|1629111|1630224|1641726|203493|203501|203957,1610612745.0,22301083
1,PT03M21.00S,03:21,Q1 03:21,38.65,116,substitution,SUB out: D. Brooks,[],Brooks,17,27,,False,False,1628415,,timeout,substitution,,,,1627832|1628467|1629029|1629111|1630224|1641726|203493|203501|203957,1610612745.0,22301083
1,PT03M21.00S,03:21,Q1 03:21,38.65,117,substitution,SUB out: R. Bullock Jr.,[],Bullock Jr.,17,27,,False,False,203493,,substitution,substitution,,,,1627832|1628467|1629029|1629111|1630224|1641726|203501|203957,1610612745.0,22301083
1,PT03M21.00S,03:21,Q1 03:21,38.65,118,substitution,SUB in: C. Whitmore,[],Whitmore,17,27,,False,False,1641715,,substitution,substitution,,,,1627832|1628467|1629029|1629111|1630224|1641715|1641726|203501|203957,1610612745.0,22301083
1,PT03M21.00S,03:21,Q1 03:21,38.65,119,substitution,SUB in: J. Smith Jr.,[],Smith Jr.,17,27,,False,False,1631095,,substitution,3pt missed,,,,1627832|1628467|1629029|1629111|1630224|1631095|1641715|1641726|203501|203957,1610612745.0,22301083
1,PT03M17.00S,03:17,Q1 03:17,38.71666666666667,120,3pt,MISS F. VanVleet 25' pullup 3PT,[],VanVleet,17,27,Missed,True,False,1627832,,substitution,rebound,,,,1627832|1628467|1629029|1629111|1630224|1631095|1641715|1641726|203501|203957,1610612745.0,22301083
1,PT03M16.00S,03:16,Q1 03:16,38.733333333333334,121,rebound,M. Kleber REBOUND (Off:0 Def:1),[],Kleber,17,27,,False,False,1628467,,3pt missed,3pt made,,,,1627832|1628467|1629029|1629111|1630224|1631095|1641715|1641726|203501|203957,1610612742.0,22301083
1,PT02M59.00S,02:59,Q1 02:59,37.016666666666666,122,3pt,L. Doncic 28' 3PT step back bank (16 PTS),[],Doncic,17,30,Made,True,False,1629029,,rebound,turnover,,,,1627832|1628467|1629029|1629111|1630224|1631095|1641715|1641726|203501|203957,1610612742.0,22301083
1,PT02M32.00S,02:32,Q1 02:32,37.46666666666667,123,turnover,HOU shot clock Team TURNOVER,['team'],,17,30,,False,False,0,,3pt made,foul,,,,1627832|1628467|1629029|1629111|1630224|1631095|1641715|1641726|203501|203957,1610612745.0,22301083
1,PT02M14.00S,02:14,Q1 02:14,37.766666666666666,124,foul,J. Green shooting personal FOUL (1 PF) (Doncic 2 FT),['2freethrow'],Green,17,30,,False,False,1630224,,turnover,freethrow,1629029.0,,,1627832|1628467|1629029|1629111|1630224|1631095|1641715|1641726|203501|203957,1610612745.0,22301083
1,PT02M14.00S,02:14,Q1 02:14,37.766666666666666,126,freethrow,MISS L. Doncic Free Throw 1 of 2,['fromturnover'],Doncic,17,30,Missed,False,False,1629029,,foul,rebound,,,,1627832|1628467|1629029|1629111|1630224|1631095|1641715|1641726|203501|203957,1610612742.0,22301083
1,PT02M14.00S,02:14,Q1 02:14,37.766666666666666,127,rebound,TEAM offensive REBOUND,"['team', 'deadball']",,17,30,,False,False,0,,freethrow,substitution,,,,1627832|1628467|1629029|1629111|1630224|1631095|1641715|1641726|203501|203957,1610612742.0,22301083
1,PT02M14.00S,02:14,Q1 02:14,37.766666666666666,128,substitution,SUB out: F. VanVleet,[],VanVleet,17,30,,False,False,1627832,,rebound,substitution,,,,1628467|1629029|1629111|1630224|1631095|1641715|1641726|203501|203957,1610612745.0,22301083
1,PT02M14.00S,02:14,Q1 02:14,37.766666666666666,129,substitution,SUB in: A. Holiday,[],Holiday,17,30,,False,False,1628988,,substitution,freethrow,,,,1628467|1628988|1629029|1629111|1630224|1631095|1641715|1641726|203501|203957,1610612745.0,22301083
1,PT02M14.00S,02:14,Q1 02:14,37.766666666666666,130,freethrow,MISS L. Doncic Free Throw 2 of 2,['fromturnover'],Doncic,17,30,Missed,False,False,1629029,,substitution,rebound,,,,1628467|1628988|1629029|1629111|1630224|1631095|1641715|1641726|203501|203957,1610612742.0,22301083
1,PT02M14.00S,02:14,Q1 02:14,37.766666666666666,131,rebound,J. Landale REBOUND (Off:0 Def:2),[],Landale,17,30,,False,False,1629111,,freethrow,3pt made,,,,1628467|1628988|1629029|1629111|1630224|1631095|1641715|1641726|203501|203957,1610612745.0,22301083
1,PT01M53.00S,01:53,Q1 01:53,36.11666666666667,132,3pt,C. Whitmore 27' 3PT  (3 PTS) (A. Holiday 1 AST),[],Whitmore,20,30,Made,True,True,1641715,1628988.0,rebound,turnover,,,,1628467|1628988|1629029|1629111|1630224|1631095|1641715|1641726|203501|203957,1610612745.0,22301083
1,PT01M41.00S,01:41,Q1 01:41,36.31666666666667,134,turnover,L. Doncic bad pass TURNOVER (1 TO),[],Doncic,20,30,,False,False,1629029,,3pt made,steal,,1641715.0,,1628467|1628988|1629029|1629111|1630224|1631095|1641715|1641726|203501|203957,1610612742.0,22301083
1,PT01M41.00S,01:41,Q1 01:41,36.31666666666667,135,steal,C. Whitmore STEAL (1 STL),[],Whitmore,20,30,,False,False,1641715,,turnover,2pt missed,,,,1628467|1628988|1629029|1629111|1630224|1631095|1641715|1641726|203501|203957,1610612745.0,22301083
1,PT01M35.00S,01:35,Q1 01:35,36.416666666666664,136,2pt,MISS C. Whitmore 6' running finger roll Layup,"['pointsinthepaint', 'fromturnover', 'fastbreak']",Whitmore,20,30,Missed,True,False,1641715,,steal,rebound,,,,1628467|1628988|1629029|1629111|1630224|1631095|1641715|1641726|203501|203957,1610612745.0,22301083
1,PT01M34.00S,01:34,Q1 01:34,36.43333333333333,138,rebound,C. Whitmore REBOUND (Off:1 Def:0),[],Whitmore,20,30,,False,False,1641715,,2pt missed,3pt missed,,,,1628467|1628988|1629029|1629111|1630224|1631095|1641715|1641726|203501|203957,1610612745.0,22301083
1,PT01M30.00S,01:30,Q1 01:30,36.5,139,3pt,MISS A. Holiday 25' pullup 3PT,"['fromturnover', '2ndchance']",Holiday,20,30,Missed,True,False,1628988,,rebound,rebound,,,,1628467|1628988|1629029|1629111|1630224|1631095|1641715|1641726|203501|203957,1610612745.0,22301083
1,PT01M30.00S,01:30,Q1 01:30,36.5,140,rebound,L. Doncic REBOUND (Off:0 Def:8),[],Doncic,20,30,,False,False,1629029,,3pt missed,3pt made,,,,1628467|1628988|1629029|1629111|1630224|1631095|1641715|1641726|203501|203957,1610612742.0,22301083
1,PT01M14.00S,01:14,Q1 01:14,36.766666666666666,143,3pt,L. Doncic 25' 3PT step back (19 PTS),[],Doncic,20,33,Made,True,False,1629029,,rebound,2pt made,,,,1628467|1628988|1629029|1629111|1630224|1631095|1641715|1641726|203501|203957,1610612742.0,22301083
1,PT01M00.00S,01:00,Q1 01:00,37.0,144,2pt,J. Landale 13' floating Jump Shot (4 PTS) (J. Green 1 AST),['pointsinthepaint'],Landale,22,33,Made,True,True,1629111,1630224.0,3pt made,2pt missed,,,,1628467|1628988|1629029|1629111|1630224|1631095|1641715|1641726|203501|203957,1610612745.0,22301083
1,PT00M44.90S,00:44,Q1 00:44,35.266666666666666,146,2pt,MISS T. Hardaway Jr. 9' driving floating bank Shot,[],Hardaway Jr.,22,33,Missed,True,False,203501,,2pt made,rebound,,,,1628467|1628988|1629029|1629111|1630224|1631095|1641715|1641726|203501|203957,1610612742.0,22301083
1,PT00M42.60S,00:42,Q1 00:42,35.3,147,rebound,J. Smith Jr. REBOUND (Off:0 Def:2),[],Smith Jr.,22,33,,False,False,1631095,,2pt missed,2pt made,,,,1628467|1628988|1629029|1629111|1630224|1631095|1641715|1641726|203501|203957,1610612745.0,22301083
1,PT00M37.20S,00:37,Q1 00:37,35.38333333333333,148,2pt,J. Green driving Layup (4 PTS),['pointsinthepaint'],Green,24,33,Made,True,False,1630224,,rebound,3pt made,,,,1628467|1628988|1629029|1629111|1630224|1631095|1641715|1641726|203501|203957,1610612745.0,22301083
1,PT00M24.30S,00:24,Q1 00:24,35.6,149,3pt,L. Doncic 26' 3PT step back (22 PTS),[],Doncic,24,36,Made,True,False,1629029,,2pt made,3pt missed,,,,1628467|1628988|1629029|1629111|1630224|1631095|1641715|1641726|203501|203957,1610612742.0,22301083
1,PT00M02.10S,00:02,Q1 00:02,35.96666666666667,150,3pt,MISS C. Whitmore 25' pullup 3PT,[],Whitmore,24,36,Missed,True,False,1641715,,3pt made,rebound,,,,1628467|1628988|1629029|1629111|1630224|1631095|1641715|1641726|203501|203957,1610612745.0,22301083
1,PT00M00.80S,00:00,Q1 00:00,36.0,151,rebound,D. Lively II REBOUND (Off:1 Def:1),[],Lively II,24,36,,False,False,1641726,,3pt missed,substitution,,,,1628467|1628988|1629029|1629111|1630224|1631095|1641715|1641726|203501|203957,1610612742.0,22301083
2,PT12M00.00S,12:00,Q2 12:00,36.0,153,substitution,SUB out: J. Landale,['startperiod'],Landale,24,36,,False,False,1629111,,rebound,substitution,,,,1628467|1628988|1629029|1630224|1631095|1641715|1641726|203501|203957,1610612745.0,22301083
2,PT12M00.00S,12:00,Q2 12:00,36.0,154,substitution,SUB out: J. Green,['startperiod'],Green,24,36,,False,False,1630224,,substitution,substitution,,,,1628467|1628988|1629029|1631095|1641715|1641726|203501|203957,1610612745.0,22301083
2,PT12M00.00S,12:00,Q2 12:00,36.0,155,substitution,SUB out: D. Exum,['startperiod'],Exum,24,36,,False,False,203957,,substitution,substitution,,,,1628467|1628988|1629029|1631095|1641715|1641726|203501,1610612742.0,22301083
2,PT12M00.00S,12:00,Q2 12:00,36.0,156,substitution,SUB out: D. Lively II,['startperiod'],Lively II,24,36,,False,False,1641726,,substitution,substitution,,,,1628467|1628988|1629029|1631095|1641715|203501,1610612742.0,22301083
2,PT12M00.00S,12:00,Q2 12:00,36.0,157,substitution,SUB out: T. Hardaway Jr.,['startperiod'],Hardaway Jr.,24,36,,False,False,203501,,substitution,substitution,,,,1628467|1628988|1629029|1631095|1641715,1610612742.0,22301083
2,PT12M00.00S,12:00,Q2 12:00,36.0,158,substitution,SUB out: M. Kleber,['startperiod'],Kleber,24,36,,False,False,1628467,,substitution,substitution,,,,1628988|1629029|1631095|1641715,1610612742.0,22301083
2,PT12M00.00S,12:00,Q2 12:00,36.0,159,substitution,SUB out: L. Doncic,['startperiod'],Doncic,24,36,,False,False,1629029,,substitution,substitution,,,,1628988|1631095|1641715,1610612742.0,22301083
2,PT12M00.00S,12:00,Q2 12:00,36.0,160,substitution,SUB in: A. Thompson,['startperiod'],Thompson,24,36,,False,False,1641708,,substitution,substitution,,,,1628988|1631095|1641708|1641715,1610612745.0,22301083
2,PT12M00.00S,12:00,Q2 12:00,36.0,161,substitution,SUB in: J. Green,['startperiod'],Green,24,36,,False,False,201145,,substitution,substitution,,,,1628988|1631095|1641708|1641715|201145,1610612745.0,22301083
2,PT12M00.00S,12:00,Q2 12:00,36.0,162,substitution,SUB in: J. Hardy,['startperiod'],Hardy,24,36,,False,False,1630702,,substitution,substitution,,,,1628988|1630702|1631095|1641708|1641715|201145,1610612742.0,22301083
2,PT12M00.00S,12:00,Q2 12:00,36.0,163,substitution,SUB in: K. Irving,['startperiod'],Irving,24,36,,False,False,202681,,substitution,substitution,,,,1628988|1630702|1631095|1641708|1641715|201145|202681,1610612742.0,22301083
2,PT12M00.00S,12:00,Q2 12:00,36.0,164,substitution,SUB in: D. Jones Jr.,['startperiod'],Jones Jr.,24,36,,False,False,1627884,,substitution,substitution,,,,1627884|1628988|1630702|1631095|1641708|1641715|201145|202681,1610612742.0,22301083
2,PT12M00.00S,12:00,Q2 12:00,36.0,165,substitution,SUB in: P. Washington,['startperiod'],Washington,24,36,,False,False,1629023,,substitution,substitution,,,,1627884|1628988|1629023|1630702|1631095|1641708|1641715|201145|202681,1610612742.0,22301083
2,PT12M00.00S,12:00,Q2 12:00,36.0,166,substitution,SUB in: D. Gafford,['startperiod'],Gafford,24,36,,False,False,1629655,,substitution,2pt missed,,,,1627884|1628988|1629023|1629655|1630702|1631095|1641708|1641715|201145|202681,1610612742.0,22301083
2,PT11M42.00S,11:42,Q2 11:42,34.3,168,2pt,MISS A. Thompson reverse Layup - blocked,['pointsinthepaint'],Thompson,24,36,Missed,True,False,1641708,,substitution,block,,,1629655.0,1627884|1628988|1629023|1629655|1630702|1631095|1641708|1641715|201145|202681,1610612745.0,22301083
2,PT11M42.00S,11:42,Q2 11:42,34.3,169,block,D. Gafford BLOCK (2 BLK),[],Gafford,24,36,,False,False,1629655,,2pt missed,rebound,,,,1627884|1628988|1629023|1629655|1630702|1631095|1641708|1641715|201145|202681,1610612742.0,22301083
2,PT11M41.00S,11:41,Q2 11:41,34.31666666666667,170,rebound,K. Irving REBOUND (Off:0 Def:1),[],Irving,24,36,,False,False,202681,,block,2pt missed,,,,1627884|1628988|1629023|1629655|1630702|1631095|1641708|1641715|201145|202681,1610612742.0,22301083
2,PT11M28.00S,11:28,Q2 11:28,34.53333333333333,171,2pt,MISS K. Irving 19' fadeaway Shot,[],Irving,24,36,Missed,True,False,202681,,rebound,rebound,,,,1627884|1628988|1629023|1629655|1630702|1631095|1641708|1641715|201145|202681,1610612742.0,22301083
2,PT11M27.00S,11:27,Q2 11:27,34.55,172,rebound,A. Thompson REBOUND (Off:1 Def:1),[],Thompson,24,36,,False,False,1641708,,2pt missed,foul,,,,1627884|1628988|1629023|1629655|1630702|1631095|1641708|1641715|201145|202681,1610612745.0,22301083
2,PT11M22.00S,11:22,Q2 11:22,34.63333333333333,173,foul,P. Washington shooting personal FOUL (1 PF) (Smith Jr. 2 FT),['2freethrow'],Washington,24,36,,False,False,1629023,,rebound,freethrow,1631095.0,,,1627884|1628988|1629023|1629655|1630702|1631095|1641708|1641715|201145|202681,1610612742.0,22301083
2,PT11M22.00S,11:22,Q2 11:22,34.63333333333333,175,freethrow,J. Smith Jr. Free Throw 1 of 2 (9 PTS),[],Smith Jr.,25,36,Made,False,False,1631095,,foul,freethrow,,,,1627884|1628988|1629023|1629655|1630702|1631095|1641708|1641715|201145|202681,1610612745.0,22301083
2,PT11M22.00S,11:22,Q2 11:22,34.63333333333333,176,freethrow,J. Smith Jr. Free Throw 2 of 2 (10 PTS),[],Smith Jr.,26,36,Made,False,False,1631095,,freethrow,2pt missed,,,,1627884|1628988|1629023|1629655|1630702|1631095|1641708|1641715|201145|202681,1610612745.0,22301083
2,PT10M59.00S,10:59,Q2 10:59,33.016666666666666,177,2pt,MISS J. Hardy 7' turnaround Shot,['pointsinthepaint'],Hardy,26,36,Missed,True,False,1630702,,freethrow,rebound,,,,1627884|1628988|1629023|1629655|1630702|1631095|1641708|1641715|201145|202681,1610612742.0,22301083
2,PT10M58.00S,10:58,Q2 10:58,33.03333333333333,178,rebound,TEAM offensive REBOUND,['team'],,26,36,,False,False,0,,2pt missed,3pt missed,,,,1627884|1628988|1629023|1629655|1630702|1631095|1641708|1641715|201145|202681,1610612742.0,22301083
2,PT10M48.00S,10:48,Q2 10:48,33.2,180,3pt,MISS J. Hardy step back 3PT,['2ndchance'],Hardy,26,36,Missed,True,False,1630702,,rebound,rebound,,,,1627884|1628988|1629023|1629655|1630702|1631095|1641708|1641715|201145|202681,1610612742.0,22301083
2,PT10M47.00S,10:47,Q2 10:47,33.21666666666667,181,rebound,J. Smith Jr. REBOUND (Off:0 Def:3),[],Smith Jr.,26,36,,False,False,1631095,,3pt missed,foul,,,,1627884|1628988|1629023|1629655|1630702|1631095|1641708|1641715|201145|202681,1610612745.0,22301083
2,PT10M44.00S,10:44,Q2 10:44,33.266666666666666,182,foul,P. Washington shooting personal FOUL (2 PF) (Green 2 FT),['2freethrow'],Washington,26,36,,False,False,1629023,,rebound,freethrow,201145.0,,,1627884|1628988|1629023|1629655|1630702|1631095|1641708|1641715|201145|202681,1610612742.0,22301083
2,PT10M44.00S,10:44,Q2 10:44,33.266666666666666,184,freethrow,J. Green Free Throw 1 of 2 (1 PTS),['fastbreak'],Green,27,36,Made,False,False,201145,,foul,freethrow,,,,1627884|1628988|1629023|1629655|1630702|1631095|1641708|1641715|201145|202681,1610612745.0,22301083
2,PT10M44.00S,10:44,Q2 10:44,33.266666666666666,185,freethrow,J. Green Free Throw 2 of 2 (2 PTS),['fastbreak'],Green,28,36,Made,False,False,201145,,freethrow,3pt missed,,,,1627884|1628988|1629023|1629655|1630702|1631095|1641708|1641715|201145|202681,1610612745.0,22301083
2,PT10M28.00S,10:28,Q2 10:28,33.53333333333333,186,3pt,MISS K. Irving 25' step back 3PT,[],Irving,28,36,Missed,True,False,202681,,freethrow,rebound,,,,1627884|1628988|1629023|1629655|1630702|1631095|1641708|1641715|201145|202681,1610612742.0,22301083
2,PT10M26.00S,10:26,Q2 10:26,33.56666666666667,187,rebound,P. Washington REBOUND (Off:1 Def:0),[],Washington,28,36,,False,False,1629023,,3pt missed,2pt made,,,,1627884|1628988|1629023|1629655|1630702|1631095|1641708|1641715|201145|202681,1610612742.0,22301083
2,PT10M24.00S,10:24,Q2 10:24,33.6,188,2pt,D. Jones Jr. cutting DUNK (2 PTS) (P. Washington 1 AST),"['pointsinthepaint', '2ndchance']",Jones Jr.,28,38,Made,True,True,1627884,1629023.0,rebound,2pt missed,,,,1627884|1628988|1629023|1629655|1630702|1631095|1641708|1641715|201145|202681,1610612742.0,22301083
2,PT10M09.00S,10:09,Q2 10:09,33.85,191,2pt,MISS A. Thompson driving finger roll Layup,['pointsinthepaint'],Thompson,28,38,Missed,True,False,1641708,,2pt made,rebound,,,,1627884|1628988|1629023|1629655|1630702|1631095|1641708|1641715|201145|202681,1610612745.0,22301083
2,PT10M08.00S,10:08,Q2 10:08,33.86666666666667,192,rebound,P. Washington REBOUND (Off:1 Def:1),[],Washington,28,38,,False,False,1629023,,2pt missed,2pt missed,,,,1627884|1628988|1629023|1629655|1630702|1631095|1641708|1641715|201145|202681,1610612742.0,22301083
2,PT10M01.00S,10:01,Q2 10:01,33.983333333333334,193,2pt,MISS D. Gafford 6' running Layup,"['pointsinthepaint', 'fastbreak']",Gafford,28,38,Missed,True,False,1629655,,rebound,rebound,,,,1627884|1628988|1629023|1629655|1630702|1631095|1641708|1641715|201145|202681,1610612742.0,22301083
2,PT10M00.00S,10:00,Q2 10:00,34.0,194,rebound,P. Washington REBOUND (Off:2 Def:1),[],Washington,28,38,,False,False,1629023,,2pt missed,turnover,,,,1627884|1628988|1629023|1629655|1630702|1631095|1641708|1641715|201145|202681,1610612742.0,22301083
2,PT09M58.00S,09:58,Q2 09:58,32.03333333333333,195,turnover,D. Jones Jr. bad pass TURNOVER (2 TO),[],Jones Jr.,28,38,,False,False,1627884,,rebound,steal,,1641715.0,,1627884|1628988|1629023|1629655|1630702|1631095|1641708|1641715|201145|202681,1610612742.0,22301083
2,PT09M58.00S,09:58,Q2 09:58,32.03333333333333,196,steal,C. Whitmore STEAL (2 STL),[],Whitmore,28,38,,False,False,1641715,,turnover,3pt missed,,,,1627884|1628988|1629023|1629655|1630702|1631095|1641708|1641715|201145|202681,1610612745.0,22301083
2,PT09M48.00S,09:48,Q2 09:48,32.2,197,3pt,MISS C. Whitmore 27' 3PT,['fromturnover'],Whitmore,28,38,Missed,True,False,1641715,,steal,rebound,,,,1627884|1628988|1629023|1629655|1630702|1631095|1641708|1641715|201145|202681,1610612745.0,22301083
2,PT09M46.00S,09:46,Q2 09:46,32.233333333333334,198,rebound,P. Washington REBOUND (Off:2 Def:2),[],Washington,28,38,,False,False,1629023,,3pt missed,2pt made,,,,1627884|1628988|1629023|1629655|1630702|1631095|1641708|1641715|201145|202681,1610612742.0,22301083
2,PT09M27.00S,09:27,Q2 09:27,32.55,199,2pt,D. Gafford Layup (4 PTS) (P. Washington 2 AST),['pointsinthepaint'],Gafford,28,40,Made,True,True,1629655,1629023.0,rebound,3pt missed,,,,1627884|1628988|1629023|1629655|1630702|1631095|1641708|1641715|201145|202681,1610612742.0,22301083
2,PT09M05.00S,09:05,Q2 09:05,32.916666666666664,201,3pt,MISS J. Green 3PT,[],Green,28,40,Missed,True,False,201145,,2pt made,rebound,,,,1627884|1628988|1629023|1629655|1630702|1631095|1641708|1641715|201145|202681,1610612745.0,22301083
2,PT09M03.00S,09:03,Q2 09:03,32.95,202,rebound,J. Smith Jr. REBOUND (Off:1 Def:3),[],Smith Jr.,28,40,,False,False,1631095,,3pt missed,foul,,,,1627884|1628988|1629023|1629655|1630702|1631095|1641708|1641715|201145|202681,1610612745.0,22301083
2,PT08M59.00S,08:59,Q2 08:59,31.016666666666666,203,foul,J. Hardy personal FOUL (1 PF),[],Hardy,28,40,,False,False,1630702,,rebound,3pt missed,1641715.0,,,1627884|1628988|1629023|1629655|1630702|1631095|1641708|1641715|201145|202681,1610612742.0,22301083
2,PT08M52.00S,08:52,Q2 08:52,31.133333333333333,205,3pt,MISS A. Holiday 26' pullup 3PT,['2ndchance'],Holiday,28,40,Missed,True,False,1628988,,foul,rebound,,,,1627884|1628988|1629023|1629655|1630702|1631095|1641708|1641715|201145|202681,1610612745.0,22301083
2,PT08M51.00S,08:51,Q2 08:51,31.15,206,rebound,C. Whitmore REBOUND (Off:2 Def:0),[],Whitmore,28,40,,False,False,1641715,,3pt missed,2pt made,,,,1627884|1628988|1629023|1629655|1630702|1631095|1641708|1641715|201145|202681,1610612745.0,22301083
2,PT08M48.00S,08:48,Q2 08:48,31.2,207,2pt,C. Whitmore 13' pullup Jump Shot (5 PTS),"['pointsinthepaint', '2ndchance']",Whitmore,30,40,Made,True,False,1641715,,rebound,2pt made,,,,1627884|1628988|1629023|1629655|1630702|1631095|1641708|1641715|201145|202681,1610612745.0,22301083
2,PT08M21.00S,08:21,Q2 08:21,31.65,208,2pt,K. Irving 12' turnaround fadeaway Jump Shot (2 PTS),['pointsinthepaint'],Irving,30,42,Made,True,False,202681,,2pt made,2pt missed,,,,1627884|1628988|1629023|1629655|1630702|1631095|1641708|1641715|201145|202681,1610612742.0,22301083
2,PT08M06.00S,08:06,Q2 08:06,31.9,209,2pt,MISS A. Thompson 19' pullup Shot,[],Thompson,30,42,Missed,True,False,1641708,,2pt made,rebound,,,,1627884|1628988|1629023|1629655|1630702|1631095|1641708|1641715|201145|202681,1610612745.0,22301083
2,PT08M05.00S,08:05,Q2 08:05,31.916666666666668,210,rebound,D. Jones Jr. REBOUND (Off:1 Def:1),[],Jones Jr.,30,42,,False,False,1627884,,2pt missed,2pt missed,,,,1627884|1628988|1629023|1629655|1630702|1631095|1641708|1641715|201145|202681,1610612742.0,22301083
2,PT07M54.00S,07:54,Q2 07:54,30.1,211,2pt,MISS D. Jones Jr. 7' driving floating Shot - blocked,['pointsinthepaint'],Jones Jr.,30,42,Missed,True,False,1627884,,rebound,block,,,1631095.0,1627884|1628988|1629023|1629655|1630702|1631095|1641708|1641715|201145|202681,1610612742.0,22301083
2,PT07M54.00S,07:54,Q2 07:54,30.1,212,block,J. Smith Jr. BLOCK (1 BLK),[],Smith Jr.,30,42,,False,False,1631095,,2pt missed,rebound,,,,1627884|1628988|1629023|1629655|1630702|1631095|1641708|1641715|201145|202681,1610612745.0,22301083
2,PT07M53.00S,07:53,Q2 07:53,30.116666666666667,213,rebound,J. Smith Jr. REBOUND (Off:1 Def:4),[],Smith Jr.,30,42,,False,False,1631095,,block,2pt made,,,,1627884|1628988|1629023|1629655|1630702|1631095|1641708|1641715|201145|202681,1610612745.0,22301083
2,PT07M48.00S,07:48,Q2 07:48,30.2,214,2pt,A. Thompson running Layup (4 PTS) (C. Whitmore 1 AST),"['pointsinthepaint', 'fastbreak']",Thompson,32,42,Made,True,True,1641708,1641715.0,rebound,3pt made,,,,1627884|1628988|1629023|1629655|1630702|1631095|1641708|1641715|201145|202681,1610612745.0,22301083
2,PT07M30.00S,07:30,Q2 07:30,30.5,216,3pt,P. Washington 25' 3PT  (7 PTS) (J. Hardy 1 AST),[],Washington,32,45,Made,True,True,1629023,1630702.0,2pt made,2pt missed,,,,1627884|1628988|1629023|1629655|1630702|1631095|1641708|1641715|201145|202681,1610612742.0,22301083
2,PT07M13.00S,07:13,Q2 07:13,30.783333333333335,218,2pt,MISS A. Holiday 14' driving floating Shot,['pointsinthepaint'],Holiday,32,45,Missed,True,False,1628988,,3pt made,rebound,,,,1627884|1628988|1629023|1629655|1630702|1631095|1641708|1641715|201145|202681,1610612745.0,22301083
2,PT07M12.00S,07:12,Q2 07:12,30.8,219,rebound,P. Washington REBOUND (Off:2 Def:3),[],Washington,32,45,,False,False,1629023,,2pt missed,turnover,,,,1627884|1628988|1629023|1629655|1630702|1631095|1641708|1641715|201145|202681,1610612742.0,22301083
2,PT07M05.00S,07:05,Q2 07:05,30.916666666666668,220,turnover,J. Hardy lost ball TURNOVER (1 TO),[],Hardy,32,45,,False,False,1630702,,rebound,steal,,1641715.0,,1627884|1628988|1629023|1629655|1630702|1631095|1641708|1641715|201145|202681,1610612742.0,22301083
2,PT07M05.00S,07:05,Q2 07:05,30.916666666666668,221,steal,C. Whitmore STEAL (3 STL),[],Whitmore,32,45,,False,False,1641715,,turnover,2pt missed,,,,1627884|1628988|1629023|1629655|1630702|1631095|1641708|1641715|201145|202681,1610612745.0,22301083
2,PT06M56.00S,06:56,Q2 06:56,29.066666666666666,222,2pt,MISS J. Green driving Layup - blocked,"['pointsinthepaint', 'fromturnover']",Green,32,45,Missed,True,False,201145,,steal,block,,,1629655.0,1627884|1628988|1629023|1629655|1630702|1631095|1641708|1641715|201145|202681,1610612745.0,22301083
2,PT06M56.00S,06:56,Q2 06:56,29.066666666666666,642,block,D. Gafford BLOCK (3 BLK),[],Gafford,32,45,,False,False,1629655,,2pt missed,rebound,,,,1627884|1628988|1629023|1629655|1630702|1631095|1641708|1641715|201145|202681,1610612742.0,22301083
2,PT06M55.00S,06:55,Q2 06:55,29.083333333333332,223,rebound,D. Jones Jr. REBOUND (Off:1 Def:2),[],Jones Jr.,32,45,,False,False,1627884,,block,timeout,,,,1627884|1628988|1629023|1629655|1630702|1631095|1641708|1641715|201145|202681,1610612742.0,22301083
2,PT06M51.00S,06:51,Q2 06:51,29.15,225,timeout,HOU Timeout,"['team', 'mandatory']",,32,45,,False,False,0,,rebound,substitution,,,,1627884|1628988|1629023|1629655|1630702|1631095|1641708|1641715|201145|202681,1610612745.0,22301083
2,PT06M51.00S,06:51,Q2 06:51,29.15,226,substitution,SUB out: A. Holiday,[],Holiday,32,45,,False,False,1628988,,timeout,substitution,,,,1627884|1629023|1629655|1630702|1631095|1641708|1641715|201145|202681,1610612745.0,22301083
2,PT06M51.00S,06:51,Q2 06:51,29.15,227,substitution,SUB out: C. Whitmore,[],Whitmore,32,45,,False,False,1641715,,substitution,substitution,,,,1627884|1629023|1629655|1630702|1631095|1641708|201145|202681,1610612745.0,22301083
2,PT06M51.00S,06:51,Q2 06:51,29.15,228,substitution,SUB out: J. Smith Jr.,[],Smith Jr.,32,45,,False,False,1631095,,substitution,substitution,,,,1627884|1629023|1629655|1630702|1641708|201145|202681,1610612745.0,22301083
2,PT06M51.00S,06:51,Q2 06:51,29.15,229,substitution,SUB out: J. Green,[],Green,32,45,,False,False,201145,,substitution,substitution,,,,1627884|1629023|1629655|1630702|1641708|202681,1610612745.0,22301083
2,PT06M51.00S,06:51,Q2 06:51,29.15,230,substitution,SUB out: J. Hardy,[],Hardy,32,45,,False,False,1630702,,substitution,substitution,,,,1627884|1629023|1629655|1641708|202681,1610612742.0,22301083
2,PT06M51.00S,06:51,Q2 06:51,29.15,231,substitution,SUB in: J. Green,[],Green,32,45,,False,False,1630224,,substitution,substitution,,,,1627884|1629023|1629655|1630224|1641708|202681,1610612745.0,22301083
2,PT06M51.00S,06:51,Q2 06:51,29.15,232,substitution,SUB in: F. VanVleet,[],VanVleet,32,45,,False,False,1627832,,substitution,substitution,,,,1627832|1627884|1629023|1629655|1630224|1641708|202681,1610612745.0,22301083
2,PT06M51.00S,06:51,Q2 06:51,29.15,233,substitution,SUB in: D. Brooks,[],Brooks,32,45,,False,False,1628415,,substitution,substitution,,,,1627832|1627884|1628415|1629023|1629655|1630224|1641708|202681,1610612745.0,22301083
2,PT06M51.00S,06:51,Q2 06:51,29.15,234,substitution,SUB in: J. Landale,[],Landale,32,45,,False,False,1629111,,substitution,substitution,,,,1627832|1627884|1628415|1629023|1629111|1629655|1630224|1641708|202681,1610612745.0,22301083
2,PT06M51.00S,06:51,Q2 06:51,29.15,235,substitution,SUB in: D. Exum,[],Exum,32,45,,False,False,203957,,substitution,3pt missed,,,,1627832|1627884|1628415|1629023|1629111|1629655|1630224|1641708|202681|203957,1610612742.0,22301083
2,PT06M43.00S,06:43,Q2 06:43,29.283333333333335,236,3pt,MISS K. Irving 25' pullup 3PT,[],Irving,32,45,Missed,True,False,202681,,substitution,rebound,,,,1627832|1627884|1628415|1629023|1629111|1629655|1630224|1641708|202681|203957,1610612742.0,22301083
2,PT06M42.00S,06:42,Q2 06:42,29.3,237,rebound,A. Thompson REBOUND (Off:1 Def:2),[],Thompson,32,45,,False,False,1641708,,3pt missed,turnover,,,,1627832|1627884|1628415|1629023|1629111|1629655|1630224|1641708|202681|203957,1610612745.0,22301083
2,PT06M30.00S,06:30,Q2 06:30,29.5,238,turnover,F. VanVleet bad pass TURNOVER (1 TO),[],VanVleet,32,45,,False,False,1627832,,rebound,steal,,1627884.0,,1627832|1627884|1628415|1629023|1629111|1629655|1630224|1641708|202681|203957,1610612745.0,22301083
2,PT06M30.00S,06:30,Q2 06:30,29.5,239,steal,D. Jones Jr. STEAL (1 STL),[],Jones Jr.,32,45,,False,False,1627884,,turnover,2pt missed,,,,1627832|1627884|1628415|1629023|1629111|1629655|1630224|1641708|202681|203957,1610612742.0,22301083
2,PT06M25.00S,06:25,Q2 06:25,29.583333333333332,240,2pt,MISS D. Jones Jr. running Layup,"['pointsinthepaint', 'fromturnover', 'fastbreak']",Jones Jr.,32,45,Missed,True,False,1627884,,steal,rebound,,,,1627832|1627884|1628415|1629023|1629111|1629655|1630224|1641708|202681|203957,1610612742.0,22301083
2,PT06M24.00S,06:24,Q2 06:24,29.6,241,rebound,J. Green REBOUND (Off:0 Def:3),[],Green,32,45,,False,False,1630224,,2pt missed,2pt made,,,,1627832|1627884|1628415|1629023|1629111|1629655|1630224|1641708|202681|203957,1610612745.0,22301083
2,PT06M18.00S,06:18,Q2 06:18,29.7,242,2pt,J. Green running Layup (6 PTS),"['pointsinthepaint', 'fastbreak']",Green,34,45,Made,True,False,1630224,,rebound,2pt made,,,,1627832|1627884|1628415|1629023|1629111|1629655|1630224|1641708|202681|203957,1610612745.0,22301083
2,PT06M03.00S,06:03,Q2 06:03,29.95,243,2pt,D. Exum cutting Layup (8 PTS) (D. Gafford 1 AST),['pointsinthepaint'],Exum,34,47,Made,True,True,203957,1629655.0,2pt made,foul,,,,1627832|1627884|1628415|1629023|1629111|1629655|1630224|1641708|202681|203957,1610612742.0,22301083
2,PT05M47.00S,05:47,Q2 05:47,28.216666666666665,245,foul,D. Gafford defensive-3-second technical FOUL (1 Tech),['1freethrow'],Gafford,34,47,,False,False,1629655,,2pt made,freethrow,,,,1627832|1627884|1628415|1629023|1629111|1629655|1630224|1641708|202681|203957,1610612742.0,22301083
2,PT05M47.00S,05:47,Q2 05:47,28.216666666666665,246,freethrow,F. VanVleet technical Free Throw 1 of 1 (1 PTS),[],VanVleet,35,47,Made,False,False,1627832,,foul,substitution,,,,1627832|1627884|1628415|1629023|1629111|1629655|1630224|1641708|202681|203957,1610612745.0,22301083
2,PT05M47.00S,05:47,Q2 05:47,28.216666666666665,247,substitution,SUB out: K. Irving,[],Irving,35,47,,False,False,202681,,freethrow,substitution,,,,1627832|1627884|1628415|1629023|1629111|1629655|1630224|1641708|203957,1610612742.0,22301083
2,PT05M47.00S,05:47,Q2 05:47,28.216666666666665,248,substitution,SUB out: D. Gafford,[],Gafford,35,47,,False,False,1629655,,substitution,substitution,,,,1627832|1627884|1628415|1629023|1629111|1630224|1641708|203957,1610612742.0,22301083
2,PT05M47.00S,05:47,Q2 05:47,28.216666666666665,249,substitution,SUB out: D. Jones Jr.,[],Jones Jr.,35,47,,False,False,1627884,,substitution,substitution,,,,1627832|1628415|1629023|1629111|1630224|1641708|203957,1610612742.0,22301083
2,PT05M47.00S,05:47,Q2 05:47,28.216666666666665,250,substitution,SUB in: L. Doncic,[],Doncic,35,47,,False,False,1629029,,substitution,substitution,,,,1627832|1628415|1629023|1629029|1629111|1630224|1641708|203957,1610612742.0,22301083
2,PT05M47.00S,05:47,Q2 05:47,28.216666666666665,251,substitution,SUB in: T. Hardaway Jr.,[],Hardaway Jr.,35,47,,False,False,203501,,substitution,substitution,,,,1627832|1628415|1629023|1629029|1629111|1630224|1641708|203501|203957,1610612742.0,22301083
2,PT05M47.00S,05:47,Q2 05:47,28.216666666666665,252,substitution,SUB in: D. Lively II,[],Lively II,35,47,,False,False,1641726,,substitution,2pt made,,,,1627832|1628415|1629023|1629029|1629111|1630224|1641708|1641726|203501|203957,1610612742.0,22301083
2,PT05M43.00S,05:43,Q2 05:43,28.283333333333335,253,2pt,J. Green driving DUNK (8 PTS) (F. VanVleet 3 AST),['pointsinthepaint'],Green,37,47,Made,True,True,1630224,1627832.0,substitution,3pt made,,,,1627832|1628415|1629023|1629029|1629111|1630224|1641708|1641726|203501|203957,1610612745.0,22301083
2,PT05M26.00S,05:26,Q2 05:26,28.566666666666666,254,3pt,D. Exum 24' 3PT  (11 PTS) (L. Doncic 5 AST),[],Exum,37,50,Made,True,True,203957,1629029.0,2pt made,2pt missed,,,,1627832|1628415|1629023|1629029|1629111|1630224|1641708|1641726|203501|203957,1610612742.0,22301083
2,PT05M04.00S,05:04,Q2 05:04,28.933333333333334,256,2pt,MISS J. Landale 12' Jump Shot,[],Landale,37,50,Missed,True,False,1629111,,3pt made,rebound,,,,1627832|1628415|1629023|1629029|1629111|1630224|1641708|1641726|203501|203957,1610612745.0,22301083
2,PT05M03.00S,05:03,Q2 05:03,28.95,257,rebound,T. Hardaway Jr. REBOUND (Off:0 Def:2),[],Hardaway Jr.,37,50,,False,False,203501,,2pt missed,3pt made,,,,1627832|1628415|1629023|1629029|1629111|1630224|1641708|1641726|203501|203957,1610612742.0,22301083
2,PT04M40.00S,04:40,Q2 04:40,27.333333333333332,258,3pt,P. Washington 3PT  (10 PTS) (D. Exum 2 AST),[],Washington,37,53,Made,True,True,1629023,203957.0,rebound,foul,,,,1627832|1628415|1629023|1629029|1629111|1630224|1641708|1641726|203501|203957,1610612742.0,22301083
2,PT04M26.00S,04:26,Q2 04:26,27.566666666666666,260,foul,P. Washington shooting personal FOUL (3 PF) (Thompson 2 FT),['2freethrow'],Washington,37,53,,False,False,1629023,,3pt made,freethrow,1641708.0,,,1627832|1628415|1629023|1629029|1629111|1630224|1641708|1641726|203501|203957,1610612742.0,22301083
2,PT04M26.00S,04:26,Q2 04:26,27.566666666666666,263,freethrow,A. Thompson Free Throw 1 of 2 (5 PTS),[],Thompson,38,53,Made,False,False,1641708,,foul,substitution,,,,1627832|1628415|1629023|1629029|1629111|1630224|1641708|1641726|203501|203957,1610612745.0,22301083
2,PT04M26.00S,04:26,Q2 04:26,27.566666666666666,264,substitution,SUB out: P. Washington,[],Washington,38,53,,False,False,1629023,,freethrow,substitution,,,,1627832|1628415|1629029|1629111|1630224|1641708|1641726|203501|203957,1610612742.0,22301083
2,PT04M26.00S,04:26,Q2 04:26,27.566666666666666,265,substitution,SUB in: M. Kleber,[],Kleber,38,53,,False,False,1628467,,substitution,freethrow,,,,1627832|1628415|1628467|1629029|1629111|1630224|1641708|1641726|203501|203957,1610612742.0,22301083
2,PT04M26.00S,04:26,Q2 04:26,27.566666666666666,266,freethrow,A. Thompson Free Throw 2 of 2 (6 PTS),[],Thompson,39,53,Made,False,False,1641708,,substitution,3pt missed,,,,1627832|1628415|1628467|1629029|1629111|1630224|1641708|1641726|203501|203957,1610612745.0,22301083
2,PT04M08.00S,04:08,Q2 04:08,27.866666666666667,267,3pt,MISS L. Doncic 24' step back 3PT,[],Doncic,39,53,Missed,True,False,1629029,,freethrow,rebound,,,,1627832|1628415|1628467|1629029|1629111|1630224|1641708|1641726|203501|203957,1610612742.0,22301083
2,PT04M07.00S,04:07,Q2 04:07,27.883333333333333,268,rebound,A. Thompson REBOUND (Off:1 Def:3),[],Thompson,39,53,,False,False,1641708,,3pt missed,3pt missed,,,,1627832|1628415|1628467|1629029|1629111|1630224|1641708|1641726|203501|203957,1610612745.0,22301083
2,PT03M59.00S,03:59,Q2 03:59,26.016666666666666,269,3pt,MISS J. Green 28' 3PT,[],Green,39,53,Missed,True,False,1630224,,rebound,rebound,,,,1627832|1628415|1628467|1629029|1629111|1630224|1641708|1641726|203501|203957,1610612745.0,22301083
2,PT03M57.00S,03:57,Q2 03:57,26.05,270,rebound,M. Kleber REBOUND (Off:0 Def:2),[],Kleber,39,53,,False,False,1628467,,3pt missed,2pt made,,,,1627832|1628415|1628467|1629029|1629111|1630224|1641708|1641726|203501|203957,1610612742.0,22301083
2,PT03M44.00S,03:44,Q2 03:44,26.266666666666666,271,2pt,L. Doncic driving Layup (24 PTS),['pointsinthepaint'],Doncic,39,55,Made,True,False,1629029,,rebound,foul,,,,1627832|1628415|1628467|1629029|1629111|1630224|1641708|1641726|203501|203957,1610612742.0,22301083
2,PT03M33.00S,03:33,Q2 03:33,26.45,272,foul,D. Lively II shooting personal FOUL (1 PF) (Green 2 FT),"['inpenalty', '2freethrow']",Lively II,39,55,,False,False,1641726,,2pt made,freethrow,1630224.0,,,1627832|1628415|1628467|1629029|1629111|1630224|1641708|1641726|203501|203957,1610612742.0,22301083
2,PT03M33.00S,03:33,Q2 03:33,26.45,274,freethrow,J. Green Free Throw 1 of 2 (9 PTS),[],Green,40,55,Made,False,False,1630224,,foul,substitution,,,,1627832|1628415|1628467|1629029|1629111|1630224|1641708|1641726|203501|203957,1610612745.0,22301083
2,PT03M33.00S,03:33,Q2 03:33,26.45,275,substitution,SUB out: J. Landale,[],Landale,40,55,,False,False,1629111,,freethrow,substitution,,,,1627832|1628415|1628467|1629029|1630224|1641708|1641726|203501|203957,1610612745.0,22301083
2,PT03M33.00S,03:33,Q2 03:33,26.45,276,substitution,SUB out: T. Hardaway Jr.,[],Hardaway Jr.,40,55,,False,False,203501,,substitution,substitution,,,,1627832|1628415|1628467|1629029|1630224|1641708|1641726|203957,1610612742.0,22301083
2,PT03M33.00S,03:33,Q2 03:33,26.45,277,substitution,SUB in: J. Smith Jr.,[],Smith Jr.,40,55,,False,False,1631095,,substitution,substitution,,,,1627832|1628415|1628467|1629029|1630224|1631095|1641708|1641726|203957,1610612745.0,22301083
2,PT03M33.00S,03:33,Q2 03:33,26.45,278,substitution,SUB in: K. Irving,[],Irving,40,55,,False,False,202681,,substitution,freethrow,,,,1627832|1628415|1628467|1629029|1630224|1631095|1641708|1641726|202681|203957,1610612742.0,22301083
2,PT03M33.00S,03:33,Q2 03:33,26.45,279,freethrow,J. Green Free Throw 2 of 2 (10 PTS),[],Green,41,55,Made,False,False,1630224,,substitution,2pt made,,,,1627832|1628415|1628467|1629029|1630224|1631095|1641708|1641726|202681|203957,1610612745.0,22301083
2,PT03M21.00S,03:21,Q2 03:21,26.65,280,2pt,L. Doncic 18' step back bank Jump Shot (26 PTS),[],Doncic,41,57,Made,True,False,1629029,,freethrow,2pt made,,,,1627832|1628415|1628467|1629029|1630224|1631095|1641708|1641726|202681|203957,1610612742.0,22301083
2,PT03M04.00S,03:04,Q2 03:04,26.933333333333334,281,2pt,A. Thompson DUNK (8 PTS) (J. Green 2 AST),['pointsinthepaint'],Thompson,43,57,Made,True,True,1641708,1630224.0,2pt made,foul,,,,1627832|1628415|1628467|1629029|1630224|1631095|1641708|1641726|202681|203957,1610612745.0,22301083
2,PT02M55.00S,02:55,Q2 02:55,25.083333333333332,283,foul,J. Green personal FOUL (2 PF),[],Green,43,57,,False,False,1630224,,2pt made,timeout,203957.0,,,1627832|1628415|1628467|1629029|1630224|1631095|1641708|1641726|202681|203957,1610612745.0,22301083
2,PT02M55.00S,02:55,Q2 02:55,25.083333333333332,285,timeout,DAL Timeout,"['team', 'mandatory']",,43,57,,False,False,0,,foul,3pt made,,,,1627832|1628415|1628467|1629029|1630224|1631095|1641708|1641726|202681|203957,1610612742.0,22301083
2,PT02M42.00S,02:42,Q2 02:42,25.3,286,3pt,L. Doncic 24' 3PT step back (29 PTS),[],Doncic,43,60,Made,True,False,1629029,,timeout,2pt made,,,,1627832|1628415|1628467|1629029|1630224|1631095|1641708|1641726|202681|203957,1610612742.0,22301083
2,PT02M26.00S,02:26,Q2 02:26,25.566666666666666,287,2pt,J. Green driving Layup (12 PTS) (A. Thompson 1 AST),['pointsinthepaint'],Green,45,60,Made,True,True,1630224,1641708.0,3pt made,3pt missed,,,,1627832|1628415|1628467|1629029|1630224|1631095|1641708|1641726|202681|203957,1610612745.0,22301083
2,PT02M08.00S,02:08,Q2 02:08,25.866666666666667,289,3pt,MISS L. Doncic 24' pullup 3PT,[],Doncic,45,60,Missed,True,False,1629029,,2pt made,rebound,,,,1627832|1628415|1628467|1629029|1630224|1631095|1641708|1641726|202681|203957,1610612742.0,22301083
2,PT02M06.00S,02:06,Q2 02:06,25.9,290,rebound,TEAM offensive REBOUND,['team'],,45,60,,False,False,0,,3pt missed,substitution,,,,1627832|1628415|1628467|1629029|1630224|1631095|1641708|1641726|202681|203957,1610612742.0,22301083
2,PT02M06.00S,02:06,Q2 02:06,25.9,292,substitution,SUB out: D. Exum,[],Exum,45,60,,False,False,203957,,rebound,substitution,,,,1627832|1628415|1628467|1629029|1630224|1631095|1641708|1641726|202681,1610612742.0,22301083
2,PT02M06.00S,02:06,Q2 02:06,25.9,293,substitution,SUB in: T. Hardaway Jr.,[],Hardaway Jr.,45,60,,False,False,203501,,substitution,2pt missed,,,,1627832|1628415|1628467|1629029|1630224|1631095|1641708|1641726|202681|203501,1610612742.0,22301083
2,PT01M53.00S,01:53,Q2 01:53,24.116666666666667,294,2pt,MISS L. Doncic 17' turnaround fadeaway Shot,['2ndchance'],Doncic,45,60,Missed,True,False,1629029,,substitution,rebound,,,,1627832|1628415|1628467|1629029|1630224|1631095|1641708|1641726|202681|203501,1610612742.0,22301083
2,PT01M51.00S,01:51,Q2 01:51,24.15,295,rebound,M. Kleber REBOUND (Off:1 Def:2),[],Kleber,45,60,,False,False,1628467,,2pt missed,3pt missed,,,,1627832|1628415|1628467|1629029|1630224|1631095|1641708|1641726|202681|203501,1610612742.0,22301083
2,PT01M47.00S,01:47,Q2 01:47,24.216666666666665,296,3pt,MISS M. Kleber 3PT,['2ndchance'],Kleber,45,60,Missed,True,False,1628467,,rebound,rebound,,,,1627832|1628415|1628467|1629029|1630224|1631095|1641708|1641726|202681|203501,1610612742.0,22301083
2,PT01M47.00S,01:47,Q2 01:47,24.216666666666665,297,rebound,A. Thompson REBOUND (Off:1 Def:4),[],Thompson,45,60,,False,False,1641708,,3pt missed,2pt missed,,,,1627832|1628415|1628467|1629029|1630224|1631095|1641708|1641726|202681|203501,1610612745.0,22301083
2,PT01M39.00S,01:39,Q2 01:39,24.35,298,2pt,MISS A. Thompson running DUNK - blocked,"['fastbreak', 'pointsinthepaint']",Thompson,45,60,Missed,True,False,1641708,,rebound,block,,,1641726.0,1627832|1628415|1628467|1629029|1630224|1631095|1641708|1641726|202681|203501,1610612745.0,22301083
2,PT01M39.00S,01:39,Q2 01:39,24.35,299,block,D. Lively II BLOCK (2 BLK),[],Lively II,45,60,,False,False,1641726,,2pt missed,rebound,,,,1627832|1628415|1628467|1629029|1630224|1631095|1641708|1641726|202681|203501,1610612742.0,22301083
2,PT01M36.00S,01:36,Q2 01:36,24.4,300,rebound,T. Hardaway Jr. REBOUND (Off:0 Def:3),[],Hardaway Jr.,45,60,,False,False,203501,,block,3pt made,,,,1627832|1628415|1628467|1629029|1630224|1631095|1641708|1641726|202681|203501,1610612742.0,22301083
2,PT01M34.00S,01:34,Q2 01:34,24.433333333333334,301,3pt,K. Irving 24' 3PT running pullup (5 PTS),['fastbreak'],Irving,45,63,Made,True,False,202681,,rebound,3pt missed,,,,1627832|1628415|1628467|1629029|1630224|1631095|1641708|1641726|202681|203501,1610612742.0,22301083
2,PT01M15.00S,01:15,Q2 01:15,24.75,302,3pt,MISS D. Brooks 25' 3PT,[],Brooks,45,63,Missed,True,False,1628415,,3pt made,rebound,,,,1627832|1628415|1628467|1629029|1630224|1631095|1641708|1641726|202681|203501,1610612745.0,22301083
2,PT01M14.00S,01:14,Q2 01:14,24.766666666666666,303,rebound,T. Hardaway Jr. REBOUND (Off:0 Def:4),[],Hardaway Jr.,45,63,,False,False,203501,,3pt missed,3pt missed,,,,1627832|1628415|1628467|1629029|1630224|1631095|1641708|1641726|202681|203501,1610612742.0,22301083
2,PT01M03.00S,01:03,Q2 01:03,24.95,304,3pt,MISS K. Irving step back 3PT,[],Irving,45,63,Missed,True,False,202681,,rebound,rebound,,,,1627832|1628415|1628467|1629029|1630224|1631095|1641708|1641726|202681|203501,1610612742.0,22301083
2,PT01M01.00S,01:01,Q2 01:01,24.983333333333334,305,rebound,J. Green REBOUND (Off:0 Def:4),[],Green,45,63,,False,False,1630224,,3pt missed,2pt missed,,,,1627832|1628415|1628467|1629029|1630224|1631095|1641708|1641726|202681|203501,1610612745.0,22301083
2,PT00M52.40S,00:52,Q2 00:52,23.133333333333333,306,2pt,MISS J. Green 6' driving Layup,['pointsinthepaint'],Green,45,63,Missed,True,False,1630224,,rebound,rebound,,,,1627832|1628415|1628467|1629029|1630224|1631095|1641708|1641726|202681|203501,1610612745.0,22301083
2,PT00M51.20S,00:51,Q2 00:51,23.15,307,rebound,T. Hardaway Jr. REBOUND (Off:0 Def:5),[],Hardaway Jr.,45,63,,False,False,203501,,2pt missed,substitution,,,,1627832|1628415|1628467|1629029|1630224|1631095|1641708|1641726|202681|203501,1610612742.0,22301083
2,PT00M40.20S,00:40,Q2 00:40,23.333333333333332,309,substitution,SUB out: A. Thompson,[],Thompson,45,63,,False,False,1641708,,rebound,substitution,,,,1627832|1628415|1628467|1629029|1630224|1631095|1641726|202681|203501,1610612745.0,22301083
2,PT00M40.20S,00:40,Q2 00:40,23.333333333333332,310,substitution,SUB in: C. Whitmore,[],Whitmore,45,63,,False,False,1641715,,substitution,foul,,,,1627832|1628415|1628467|1629029|1630224|1631095|1641715|1641726|202681|203501,1610612745.0,22301083
2,PT00M31.20S,00:31,Q2 00:31,23.483333333333334,311,foul,F. VanVleet personal FOUL (1 PF),[],VanVleet,45,63,,False,False,1627832,,substitution,2pt made,202681.0,,,1627832|1628415|1628467|1629029|1630224|1631095|1641715|1641726|202681|203501,1610612745.0,22301083
2,PT00M19.50S,00:19,Q2 00:19,23.683333333333334,313,2pt,L. Doncic 14' turnaround fadeaway Jump Shot (31 PTS),[],Doncic,45,65,Made,True,False,1629029,,foul,foul,,,,1627832|1628415|1628467|1629029|1630224|1631095|1641715|1641726|202681|203501,1610612742.0,22301083
2,PT00M19.50S,00:19,Q2 00:19,23.683333333333334,315,foul,D. Brooks shooting personal FOUL (2 PF) (Doncic 1 FT),"['inpenalty', '1freethrow']",Brooks,45,65,,False,False,1628415,,2pt made,substitution,1629029.0,,,1627832|1628415|1628467|1629029|1630224|1631095|1641715|1641726|202681|203501,1610612745.0,22301083
2,PT00M19.50S,00:19,Q2 00:19,23.683333333333334,317,substitution,SUB out: D. Lively II,[],Lively II,45,65,,False,False,1641726,,foul,substitution,,,,1627832|1628415|1628467|1629029|1630224|1631095|1641715|202681|203501,1610612742.0,22301083
2,PT00M19.50S,00:19,Q2 00:19,23.683333333333334,318,substitution,SUB in: D. Gafford,[],Gafford,45,65,,False,False,1629655,,substitution,freethrow,,,,1627832|1628415|1628467|1629029|1629655|1630224|1631095|1641715|202681|203501,1610612742.0,22301083
2,PT00M19.50S,00:19,Q2 00:19,23.683333333333334,319,freethrow,L. Doncic Free Throw 1 of 1 (32 PTS),[],Doncic,45,66,Made,False,False,1629029,,substitution,3pt missed,,,,1627832|1628415|1628467|1629029|1629655|1630224|1631095|1641715|202681|203501,1610612742.0,22301083
2,PT00M03.00S,00:03,Q2 00:03,23.95,320,3pt,MISS J. Green 25' pullup 3PT,[],Green,45,66,Missed,True,False,1630224,,freethrow,rebound,,,,1627832|1628415|1628467|1629029|1629655|1630224|1631095|1641715|202681|203501,1610612745.0,22301083
2,PT00M02.70S,00:02,Q2 00:02,23.966666666666665,321,rebound,M. Kleber REBOUND (Off:1 Def:3),[],Kleber,45,66,,False,False,1628467,,3pt missed,3pt missed,,,,1627832|1628415|1628467|1629029|1629655|1630224|1631095|1641715|202681|203501,1610612742.0,22301083
2,PT00M01.00S,00:01,Q2 00:01,23.983333333333334,322,3pt,MISS T. Hardaway Jr. 48' pullup 3PT,[],Hardaway Jr.,45,66,Missed,True,False,203501,,rebound,rebound,,,,1627832|1628415|1628467|1629029|1629655|1630224|1631095|1641715|202681|203501,1610612742.0,22301083
2,PT00M00.10S,00:00,Q2 00:00,24.0,323,rebound,TEAM offensive REBOUND,['team'],,45,66,,False,False,0,,3pt missed,substitution,,,,1627832|1628415|1628467|1629029|1629655|1630224|1631095|1641715|202681|203501,1610612742.0,22301083
3,PT12M00.00S,12:00,Q3 12:00,24.0,325,substitution,SUB out: C. Whitmore,['startperiod'],Whitmore,45,66,,False,False,1641715,,rebound,substitution,,,,1627832|1628415|1628467|1629029|1629655|1630224|1631095|202681|203501,1610612745.0,22301083
3,PT12M00.00S,12:00,Q3 12:00,24.0,326,substitution,SUB out: T. Hardaway Jr.,['startperiod'],Hardaway Jr.,45,66,,False,False,203501,,substitution,substitution,,,,1627832|1628415|1628467|1629029|1629655|1630224|1631095|202681,1610612742.0,22301083
3,PT12M00.00S,12:00,Q3 12:00,24.0,327,substitution,SUB out: M. Kleber,['startperiod'],Kleber,45,66,,False,False,1628467,,substitution,substitution,,,,1627832|1628415|1629029|1629655|1630224|1631095|202681,1610612742.0,22301083
3,PT12M00.00S,12:00,Q3 12:00,24.0,328,substitution,SUB in: A. Thompson,['startperiod'],Thompson,45,66,,False,False,1641708,,substitution,substitution,,,,1627832|1628415|1629029|1629655|1630224|1631095|1641708|202681,1610612745.0,22301083
3,PT12M00.00S,12:00,Q3 12:00,24.0,329,substitution,SUB in: P. Washington,['startperiod'],Washington,45,66,,False,False,1629023,,substitution,substitution,,,,1627832|1628415|1629023|1629029|1629655|1630224|1631095|1641708|202681,1610612742.0,22301083
3,PT12M00.00S,12:00,Q3 12:00,24.0,330,substitution,SUB in: D. Jones Jr.,['startperiod'],Jones Jr.,45,66,,False,False,1627884,,substitution,foul,,,,1627832|1627884|1628415|1629023|1629029|1629655|1630224|1631095|1641708|202681,1610612742.0,22301083
3,PT12M00.00S,12:00,Q3 12:00,24.0,331,foul,TEAM foul technical,['1freethrow'],,45,66,,False,False,203152,,substitution,freethrow,,,,1627832|1627884|1628415|1629023|1629029|1629655|1630224|1631095|1641708|202681,1610612745.0,22301083
3,PT12M00.00S,12:00,Q3 12:00,24.0,332,freethrow,K. Irving technical Free Throw 1 of 1 (6 PTS),[],Irving,45,67,Made,False,False,202681,,foul,2pt missed,,,,1627832|1627884|1628415|1629023|1629029|1629655|1630224|1631095|1641708|202681,1610612742.0,22301083
3,PT11M50.00S,11:50,Q3 11:50,22.166666666666668,334,2pt,MISS J. Green driving Layup - blocked,['pointsinthepaint'],Green,45,67,Missed,True,False,1630224,,freethrow,block,,,1629655.0,1627832|1627884|1628415|1629023|1629029|1629655|1630224|1631095|1641708|202681,1610612745.0,22301083
3,PT11M50.00S,11:50,Q3 11:50,22.166666666666668,335,block,D. Gafford BLOCK (4 BLK),[],Gafford,45,67,,False,False,1629655,,2pt missed,rebound,,,,1627832|1627884|1628415|1629023|1629029|1629655|1630224|1631095|1641708|202681,1610612742.0,22301083
3,PT11M49.00S,11:49,Q3 11:49,22.183333333333334,336,rebound,TEAM offensive REBOUND,['team'],,45,67,,False,False,0,,block,turnover,,,,1627832|1627884|1628415|1629023|1629029|1629655|1630224|1631095|1641708|202681,1610612745.0,22301083
3,PT11M49.00S,11:49,Q3 11:49,22.183333333333334,338,turnover,HOU 5-second-violation Team TURNOVER,['team'],,45,67,,False,False,0,,rebound,3pt made,,,,1627832|1627884|1628415|1629023|1629029|1629655|1630224|1631095|1641708|202681,1610612745.0,22301083
3,PT11M34.00S,11:34,Q3 11:34,22.433333333333334,339,3pt,L. Doncic 26' 3PT step back (35 PTS) (D. Gafford 2 AST),['fromturnover'],Doncic,45,70,Made,True,True,1629029,1629655.0,turnover,2pt made,,,,1627832|1627884|1628415|1629023|1629029|1629655|1630224|1631095|1641708|202681,1610612742.0,22301083
3,PT11M13.00S,11:13,Q3 11:13,22.783333333333335,341,2pt,J. Smith Jr. 20' pullup Jump Shot (12 PTS),[],Smith Jr.,47,70,Made,True,False,1631095,,3pt made,2pt made,,,,1627832|1627884|1628415|1629023|1629029|1629655|1630224|1631095|1641708|202681,1610612745.0,22301083
3,PT10M43.00S,10:43,Q3 10:43,21.283333333333335,342,2pt,L. Doncic 20' floating Jump Shot (37 PTS),[],Doncic,47,72,Made,True,False,1629029,,2pt made,3pt made,,,,1627832|1627884|1628415|1629023|1629029|1629655|1630224|1631095|1641708|202681,1610612742.0,22301083
3,PT10M36.00S,10:36,Q3 10:36,21.4,343,3pt,J. Smith Jr. 24' 3PT  (15 PTS) (F. VanVleet 4 AST),[],Smith Jr.,50,72,Made,True,True,1631095,1627832.0,2pt made,2pt missed,,,,1627832|1627884|1628415|1629023|1629029|1629655|1630224|1631095|1641708|202681,1610612745.0,22301083
3,PT10M23.00S,10:23,Q3 10:23,21.616666666666667,345,2pt,MISS K. Irving driving Layup - blocked,['pointsinthepaint'],Irving,50,72,Missed,True,False,202681,,3pt made,block,,,1631095.0,1627832|1627884|1628415|1629023|1629029|1629655|1630224|1631095|1641708|202681,1610612742.0,22301083
3,PT10M23.00S,10:23,Q3 10:23,21.616666666666667,346,block,J. Smith Jr. BLOCK (2 BLK),[],Smith Jr.,50,72,,False,False,1631095,,2pt missed,rebound,,,,1627832|1627884|1628415|1629023|1629029|1629655|1630224|1631095|1641708|202681,1610612745.0,22301083
3,PT10M22.00S,10:22,Q3 10:22,21.633333333333333,347,rebound,A. Thompson REBOUND (Off:1 Def:5),[],Thompson,50,72,,False,False,1641708,,block,3pt missed,,,,1627832|1627884|1628415|1629023|1629029|1629655|1630224|1631095|1641708|202681,1610612745.0,22301083
3,PT10M16.00S,10:16,Q3 10:16,21.733333333333334,348,3pt,MISS D. Brooks running 3PT,['fastbreak'],Brooks,50,72,Missed,True,False,1628415,,rebound,rebound,,,,1627832|1627884|1628415|1629023|1629029|1629655|1630224|1631095|1641708|202681,1610612745.0,22301083
3,PT10M15.00S,10:15,Q3 10:15,21.75,349,rebound,L. Doncic REBOUND (Off:0 Def:9),[],Doncic,50,72,,False,False,1629029,,3pt missed,3pt missed,,,,1627832|1627884|1628415|1629023|1629029|1629655|1630224|1631095|1641708|202681,1610612742.0,22301083
3,PT09M59.00S,09:59,Q3 09:59,20.016666666666666,350,3pt,MISS L. Doncic 27' step back 3PT,[],Doncic,50,72,Missed,True,False,1629029,,rebound,rebound,,,,1627832|1627884|1628415|1629023|1629029|1629655|1630224|1631095|1641708|202681,1610612742.0,22301083
3,PT09M58.00S,09:58,Q3 09:58,20.033333333333335,351,rebound,J. Green REBOUND (Off:0 Def:5),[],Green,50,72,,False,False,1630224,,3pt missed,3pt missed,,,,1627832|1627884|1628415|1629023|1629029|1629655|1630224|1631095|1641708|202681,1610612745.0,22301083
3,PT09M51.00S,09:51,Q3 09:51,20.15,352,3pt,MISS D. Brooks 25' running 3PT,['fastbreak'],Brooks,50,72,Missed,True,False,1628415,,rebound,rebound,,,,1627832|1627884|1628415|1629023|1629029|1629655|1630224|1631095|1641708|202681,1610612745.0,22301083
3,PT09M50.00S,09:50,Q3 09:50,20.166666666666668,353,rebound,K. Irving REBOUND (Off:0 Def:2),[],Irving,50,72,,False,False,202681,,3pt missed,turnover,,,,1627832|1627884|1628415|1629023|1629029|1629655|1630224|1631095|1641708|202681,1610612742.0,22301083
3,PT09M47.00S,09:47,Q3 09:47,20.216666666666665,354,turnover,K. Irving bad pass out-of-bounds TURNOVER (1 TO),[],Irving,50,72,,False,False,202681,,rebound,foul,,,,1627832|1627884|1628415|1629023|1629029|1629655|1630224|1631095|1641708|202681,1610612742.0,22301083
3,PT09M36.00S,09:36,Q3 09:36,20.4,355,foul,K. Irving personal FOUL (2 PF),[],Irving,50,72,,False,False,202681,,turnover,3pt made,1641708.0,,,1627832|1627884|1628415|1629023|1629029|1629655|1630224|1631095|1641708|202681,1610612742.0,22301083
3,PT09M31.00S,09:31,Q3 09:31,20.483333333333334,357,3pt,F. VanVleet 26' 3PT pullup (4 PTS),['fromturnover'],VanVleet,53,72,Made,True,False,1627832,,foul,2pt missed,,,,1627832|1627884|1628415|1629023|1629029|1629655|1630224|1631095|1641708|202681,1610612745.0,22301083
3,PT09M11.00S,09:11,Q3 09:11,20.816666666666666,358,2pt,MISS L. Doncic 6' driving bank Shot,['pointsinthepaint'],Doncic,53,72,Missed,True,False,1629029,,3pt made,rebound,,,,1627832|1627884|1628415|1629023|1629029|1629655|1630224|1631095|1641708|202681,1610612742.0,22301083
3,PT09M09.00S,09:09,Q3 09:09,20.85,359,rebound,D. Brooks REBOUND (Off:0 Def:2),[],Brooks,53,72,,False,False,1628415,,2pt missed,3pt missed,,,,1627832|1627884|1628415|1629023|1629029|1629655|1630224|1631095|1641708|202681,1610612745.0,22301083
3,PT09M07.00S,09:07,Q3 09:07,20.883333333333333,360,3pt,MISS J. Green 26' running 3PT,['fastbreak'],Green,53,72,Missed,True,False,1630224,,rebound,rebound,,,,1627832|1627884|1628415|1629023|1629029|1629655|1630224|1631095|1641708|202681,1610612745.0,22301083
3,PT09M03.00S,09:03,Q3 09:03,20.95,361,rebound,A. Thompson REBOUND (Off:2 Def:5),[],Thompson,53,72,,False,False,1641708,,3pt missed,turnover,,,,1627832|1627884|1628415|1629023|1629029|1629655|1630224|1631095|1641708|202681,1610612745.0,22301083
3,PT08M59.00S,08:59,Q3 08:59,19.016666666666666,362,turnover,D. Brooks bad pass TURNOVER (1 TO),[],Brooks,53,72,,False,False,1628415,,rebound,steal,,1629023.0,,1627832|1627884|1628415|1629023|1629029|1629655|1630224|1631095|1641708|202681,1610612745.0,22301083
3,PT08M59.00S,08:59,Q3 08:59,19.016666666666666,363,steal,P. Washington STEAL (1 STL),[],Washington,53,72,,False,False,1629023,,turnover,2pt made,,,,1627832|1627884|1628415|1629023|1629029|1629655|1630224|1631095|1641708|202681,1610612742.0,22301083
3,PT08M55.00S,08:55,Q3 08:55,19.083333333333332,364,2pt,L. Doncic running Layup (39 PTS) (K. Irving 1 AST),"['fastbreak', 'pointsinthepaint', 'fromturnover']",Doncic,53,74,Made,True,True,1629029,202681.0,steal,2pt missed,,,,1627832|1627884|1628415|1629023|1629029|1629655|1630224|1631095|1641708|202681,1610612742.0,22301083
3,PT08M43.00S,08:43,Q3 08:43,19.283333333333335,365,2pt,MISS J. Green driving Layup,['pointsinthepaint'],Green,53,74,Missed,True,False,1630224,,2pt made,rebound,,,,1627832|1627884|1628415|1629023|1629029|1629655|1630224|1631095|1641708|202681,1610612745.0,22301083
3,PT08M42.00S,08:42,Q3 08:42,19.3,366,rebound,D. Jones Jr. REBOUND (Off:1 Def:3),[],Jones Jr.,53,74,,False,False,1627884,,2pt missed,3pt made,,,,1627832|1627884|1628415|1629023|1629029|1629655|1630224|1631095|1641708|202681,1610612742.0,22301083
3,PT08M37.00S,08:37,Q3 08:37,19.383333333333333,367,3pt,K. Irving 25' 3PT running pullup (9 PTS) (D. Jones Jr. 1 AST),['fastbreak'],Irving,53,77,Made,True,True,202681,1627884.0,rebound,timeout,,,,1627832|1627884|1628415|1629023|1629029|1629655|1630224|1631095|1641708|202681,1610612742.0,22301083
3,PT08M34.00S,08:34,Q3 08:34,19.433333333333334,369,timeout,HOU Timeout,"['team', 'mandatory']",,53,77,,False,False,0,,3pt made,foul,,,,1627832|1627884|1628415|1629023|1629029|1629655|1630224|1631095|1641708|202681,1610612745.0,22301083
3,PT08M24.00S,08:24,Q3 08:24,19.6,370,foul,L. Doncic personal FOUL (1 PF),[],Doncic,53,77,,False,False,1629029,,timeout,3pt missed,1630224.0,,,1627832|1627884|1628415|1629023|1629029|1629655|1630224|1631095|1641708|202681,1610612742.0,22301083
3,PT08M08.00S,08:08,Q3 08:08,19.866666666666667,372,3pt,MISS J. Green 26' step back 3PT,[],Green,53,77,Missed,True,False,1630224,,foul,rebound,,,,1627832|1627884|1628415|1629023|1629029|1629655|1630224|1631095|1641708|202681,1610612745.0,22301083
3,PT08M07.00S,08:07,Q3 08:07,19.883333333333333,373,rebound,P. Washington REBOUND (Off:2 Def:4),[],Washington,53,77,,False,False,1629023,,3pt missed,turnover,,,,1627832|1627884|1628415|1629023|1629029|1629655|1630224|1631095|1641708|202681,1610612742.0,22301083
3,PT07M56.00S,07:56,Q3 07:56,18.066666666666666,374,turnover,D. Gafford lost ball TURNOVER (1 TO),[],Gafford,53,77,,False,False,1629655,,rebound,steal,,1641708.0,,1627832|1627884|1628415|1629023|1629029|1629655|1630224|1631095|1641708|202681,1610612742.0,22301083
3,PT07M56.00S,07:56,Q3 07:56,18.066666666666666,375,steal,A. Thompson STEAL (1 STL),[],Thompson,53,77,,False,False,1641708,,turnover,3pt missed,,,,1627832|1627884|1628415|1629023|1629029|1629655|1630224|1631095|1641708|202681,1610612745.0,22301083
3,PT07M52.00S,07:52,Q3 07:52,18.133333333333333,376,3pt,MISS D. Brooks 25' running 3PT,"['fastbreak', 'fromturnover']",Brooks,53,77,Missed,True,False,1628415,,steal,rebound,,,,1627832|1627884|1628415|1629023|1629029|1629655|1630224|1631095|1641708|202681,1610612745.0,22301083
3,PT07M51.00S,07:51,Q3 07:51,18.15,377,rebound,D. Gafford REBOUND (Off:0 Def:2),[],Gafford,53,77,,False,False,1629655,,3pt missed,3pt missed,,,,1627832|1627884|1628415|1629023|1629029|1629655|1630224|1631095|1641708|202681,1610612742.0,22301083
3,PT07M32.00S,07:32,Q3 07:32,18.466666666666665,378,3pt,MISS P. Washington 3PT,[],Washington,53,77,Missed,True,False,1629023,,rebound,rebound,,,,1627832|1627884|1628415|1629023|1629029|1629655|1630224|1631095|1641708|202681,1610612742.0,22301083
3,PT07M30.00S,07:30,Q3 07:30,18.5,379,rebound,TEAM defensive REBOUND,['team'],,53,77,,False,False,0,,3pt missed,turnover,,,,1627832|1627884|1628415|1629023|1629029|1629655|1630224|1631095|1641708|202681,1610612745.0,22301083
3,PT07M19.00S,07:19,Q3 07:19,18.683333333333334,381,turnover,F. VanVleet lost ball TURNOVER (2 TO),[],VanVleet,53,77,,False,False,1627832,,rebound,steal,,1629655.0,,1627832|1627884|1628415|1629023|1629029|1629655|1630224|1631095|1641708|202681,1610612745.0,22301083
3,PT07M19.00S,07:19,Q3 07:19,18.683333333333334,382,steal,D. Gafford STEAL (1 STL),[],Gafford,53,77,,False,False,1629655,,turnover,2pt made,,,,1627832|1627884|1628415|1629023|1629029|1629655|1630224|1631095|1641708|202681,1610612742.0,22301083
3,PT07M12.00S,07:12,Q3 07:12,18.8,383,2pt,P. Washington 7' floating Jump Shot (12 PTS) (K. Irving 2 AST),"['pointsinthepaint', 'fromturnover', 'fastbreak']",Washington,53,79,Made,True,True,1629023,202681.0,steal,2pt missed,,,,1627832|1627884|1628415|1629023|1629029|1629655|1630224|1631095|1641708|202681,1610612742.0,22301083
3,PT06M51.00S,06:51,Q3 06:51,17.15,385,2pt,MISS J. Smith Jr. 16' fadeaway Shot,[],Smith Jr.,53,79,Missed,True,False,1631095,,2pt made,rebound,,,,1627832|1627884|1628415|1629023|1629029|1629655|1630224|1631095|1641708|202681,1610612745.0,22301083
3,PT06M50.00S,06:50,Q3 06:50,17.166666666666668,386,rebound,L. Doncic REBOUND (Off:0 Def:10),[],Doncic,53,79,,False,False,1629029,,2pt missed,turnover,,,,1627832|1627884|1628415|1629023|1629029|1629655|1630224|1631095|1641708|202681,1610612742.0,22301083
3,PT06M35.00S,06:35,Q3 06:35,17.416666666666668,387,turnover,L. Doncic lost ball TURNOVER (2 TO),[],Doncic,53,79,,False,False,1629029,,rebound,steal,,1641708.0,,1627832|1627884|1628415|1629023|1629029|1629655|1630224|1631095|1641708|202681,1610612742.0,22301083
3,PT06M35.00S,06:35,Q3 06:35,17.416666666666668,388,steal,A. Thompson STEAL (2 STL),[],Thompson,53,79,,False,False,1641708,,turnover,turnover,,,,1627832|1627884|1628415|1629023|1629029|1629655|1630224|1631095|1641708|202681,1610612745.0,22301083
3,PT06M32.00S,06:32,Q3 06:32,17.466666666666665,389,turnover,J. Green bad pass TURNOVER (2 TO),[],Green,53,79,,False,False,1630224,,steal,steal,,202681.0,,1627832|1627884|1628415|1629023|1629029|1629655|1630224|1631095|1641708|202681,1610612745.0,22301083
3,PT06M32.00S,06:32,Q3 06:32,17.466666666666665,390,steal,K. Irving STEAL (1 STL),[],Irving,53,79,,False,False,202681,,turnover,3pt missed,,,,1627832|1627884|1628415|1629023|1629029|1629655|1630224|1631095|1641708|202681,1610612742.0,22301083
3,PT06M27.00S,06:27,Q3 06:27,17.55,391,3pt,MISS D. Jones Jr. running 3PT,"['fromturnover', 'fastbreak']",Jones Jr.,53,79,Missed,True,False,1627884,,steal,rebound,,,,1627832|1627884|1628415|1629023|1629029|1629655|1630224|1631095|1641708|202681,1610612742.0,22301083
3,PT06M25.00S,06:25,Q3 06:25,17.583333333333332,392,rebound,D. Gafford REBOUND (Off:1 Def:2),[],Gafford,53,79,,False,False,1629655,,3pt missed,3pt made,,,,1627832|1627884|1628415|1629023|1629029|1629655|1630224|1631095|1641708|202681,1610612742.0,22301083
3,PT06M14.00S,06:14,Q3 06:14,17.766666666666666,393,3pt,L. Doncic 24' 3PT  (42 PTS),"['fromturnover', '2ndchance']",Doncic,53,82,Made,True,False,1629029,,rebound,3pt missed,,,,1627832|1627884|1628415|1629023|1629029|1629655|1630224|1631095|1641708|202681,1610612742.0,22301083
3,PT05M56.00S,05:56,Q3 05:56,16.066666666666666,394,3pt,MISS D. Brooks 25' 3PT,[],Brooks,53,82,Missed,True,False,1628415,,3pt made,rebound,,,,1627832|1627884|1628415|1629023|1629029|1629655|1630224|1631095|1641708|202681,1610612745.0,22301083
3,PT05M55.00S,05:55,Q3 05:55,16.083333333333332,395,rebound,L. Doncic REBOUND (Off:0 Def:11),[],Doncic,53,82,,False,False,1629029,,3pt missed,2pt missed,,,,1627832|1627884|1628415|1629023|1629029|1629655|1630224|1631095|1641708|202681,1610612742.0,22301083
3,PT05M43.00S,05:43,Q3 05:43,16.283333333333335,396,2pt,MISS L. Doncic 12' turnaround fadeaway Shot,['pointsinthepaint'],Doncic,53,82,Missed,True,False,1629029,,rebound,rebound,,,,1627832|1627884|1628415|1629023|1629029|1629655|1630224|1631095|1641708|202681,1610612742.0,22301083
3,PT05M41.00S,05:41,Q3 05:41,16.316666666666666,397,rebound,D. Brooks REBOUND (Off:0 Def:3),[],Brooks,53,82,,False,False,1628415,,2pt missed,2pt missed,,,,1627832|1627884|1628415|1629023|1629029|1629655|1630224|1631095|1641708|202681,1610612745.0,22301083
3,PT05M36.00S,05:36,Q3 05:36,16.4,398,2pt,MISS D. Brooks driving Layup,['pointsinthepaint'],Brooks,53,82,Missed,True,False,1628415,,rebound,rebound,,,,1627832|1627884|1628415|1629023|1629029|1629655|1630224|1631095|1641708|202681,1610612745.0,22301083
3,PT05M35.00S,05:35,Q3 05:35,16.416666666666668,399,rebound,TEAM defensive REBOUND,['team'],,53,82,,False,False,0,,2pt missed,foul,,,,1627832|1627884|1628415|1629023|1629029|1629655|1630224|1631095|1641708|202681,1610612742.0,22301083
3,PT05M35.00S,05:35,Q3 05:35,16.416666666666668,400,foul,A. Thompson loose ball personal FOUL (3 PF),[],Thompson,53,82,,False,False,1641708,,rebound,timeout,1629029.0,,,1627832|1627884|1628415|1629023|1629029|1629655|1630224|1631095|1641708|202681,1610612745.0,22301083
3,PT05M35.00S,05:35,Q3 05:35,16.416666666666668,402,timeout,HOU Timeout,"['team', 'mandatory']",,53,82,,False,False,0,,foul,substitution,,,,1627832|1627884|1628415|1629023|1629029|1629655|1630224|1631095|1641708|202681,1610612745.0,22301083
3,PT05M35.00S,05:35,Q3 05:35,16.416666666666668,404,substitution,SUB out: J. Smith Jr.,[],Smith Jr.,53,82,,False,False,1631095,,timeout,substitution,,,,1627832|1627884|1628415|1629023|1629029|1629655|1630224|1641708|202681,1610612745.0,22301083
3,PT05M35.00S,05:35,Q3 05:35,16.416666666666668,405,substitution,SUB out: A. Thompson,[],Thompson,53,82,,False,False,1641708,,substitution,substitution,,,,1627832|1627884|1628415|1629023|1629029|1629655|1630224|202681,1610612745.0,22301083
3,PT05M35.00S,05:35,Q3 05:35,16.416666666666668,406,substitution,SUB out: D. Gafford,[],Gafford,53,82,,False,False,1629655,,substitution,substitution,,,,1627832|1627884|1628415|1629023|1629029|1630224|202681,1610612742.0,22301083
3,PT05M35.00S,05:35,Q3 05:35,16.416666666666668,408,substitution,SUB out: D. Jones Jr.,[],Jones Jr.,53,82,,False,False,1627884,,substitution,substitution,,,,1627832|1628415|1629023|1629029|1630224|202681,1610612742.0,22301083
3,PT05M35.00S,05:35,Q3 05:35,16.416666666666668,409,substitution,SUB in: C. Whitmore,[],Whitmore,53,82,,False,False,1641715,,substitution,substitution,,,,1627832|1628415|1629023|1629029|1630224|1641715|202681,1610612745.0,22301083
3,PT05M35.00S,05:35,Q3 05:35,16.416666666666668,410,substitution,SUB in: J. Landale,[],Landale,53,82,,False,False,1629111,,substitution,substitution,,,,1627832|1628415|1629023|1629029|1629111|1630224|1641715|202681,1610612745.0,22301083
3,PT05M35.00S,05:35,Q3 05:35,16.416666666666668,411,substitution,SUB in: M. Kleber,[],Kleber,53,82,,False,False,1628467,,substitution,substitution,,,,1627832|1628415|1628467|1629023|1629029|1629111|1630224|1641715|202681,1610612742.0,22301083
3,PT05M35.00S,05:35,Q3 05:35,16.416666666666668,412,substitution,SUB in: D. Exum,[],Exum,53,82,,False,False,203957,,substitution,3pt missed,,,,1627832|1628415|1628467|1629023|1629029|1629111|1630224|1641715|202681|203957,1610612742.0,22301083
3,PT05M20.00S,05:20,Q3 05:20,16.666666666666668,414,3pt,MISS L. Doncic 26' pullup 3PT,[],Doncic,53,82,Missed,True,False,1629029,,substitution,rebound,,,,1627832|1628415|1628467|1629023|1629029|1629111|1630224|1641715|202681|203957,1610612742.0,22301083
3,PT05M16.00S,05:16,Q3 05:16,16.733333333333334,415,rebound,J. Green REBOUND (Off:0 Def:6),[],Green,53,82,,False,False,1630224,,3pt missed,2pt made,,,,1627832|1628415|1628467|1629023|1629029|1629111|1630224|1641715|202681|203957,1610612745.0,22301083
3,PT05M09.00S,05:09,Q3 05:09,16.85,416,2pt,J. Landale DUNK (6 PTS) (J. Green 3 AST),['pointsinthepaint'],Landale,55,82,Made,True,True,1629111,1630224.0,rebound,2pt made,,,,1627832|1628415|1628467|1629023|1629029|1629111|1630224|1641715|202681|203957,1610612745.0,22301083
3,PT04M44.00S,04:44,Q3 04:44,15.266666666666667,418,2pt,L. Doncic finger roll Layup (44 PTS),['pointsinthepaint'],Doncic,55,84,Made,True,False,1629029,,2pt made,2pt made,,,,1627832|1628415|1628467|1629023|1629029|1629111|1630224|1641715|202681|203957,1610612742.0,22301083
3,PT04M34.00S,04:34,Q3 04:34,15.433333333333334,419,2pt,J. Landale 17' Jump Shot (8 PTS) (J. Green 4 AST),[],Landale,57,84,Made,True,True,1629111,1630224.0,2pt made,turnover,,,,1627832|1628415|1628467|1629023|1629029|1629111|1630224|1641715|202681|203957,1610612745.0,22301083
3,PT04M14.00S,04:14,Q3 04:14,15.766666666666667,421,turnover,L. Doncic bad pass TURNOVER (3 TO),[],Doncic,57,84,,False,False,1629029,,2pt made,steal,,1630224.0,,1627832|1628415|1628467|1629023|1629029|1629111|1630224|1641715|202681|203957,1610612742.0,22301083
3,PT04M14.00S,04:14,Q3 04:14,15.766666666666667,422,steal,J. Green STEAL (1 STL),[],Green,57,84,,False,False,1630224,,turnover,3pt made,,,,1627832|1628415|1628467|1629023|1629029|1629111|1630224|1641715|202681|203957,1610612745.0,22301083
3,PT04M10.00S,04:10,Q3 04:10,15.833333333333334,423,3pt,F. VanVleet 25' 3PT running (7 PTS) (J. Green 5 AST),"['fromturnover', 'fastbreak']",VanVleet,60,84,Made,True,True,1627832,1630224.0,steal,3pt missed,,,,1627832|1628415|1628467|1629023|1629029|1629111|1630224|1641715|202681|203957,1610612745.0,22301083
3,PT03M46.00S,03:46,Q3 03:46,14.233333333333333,425,3pt,MISS K. Irving 25' pullup 3PT,[],Irving,60,84,Missed,True,False,202681,,3pt made,rebound,,,,1627832|1628415|1628467|1629023|1629029|1629111|1630224|1641715|202681|203957,1610612742.0,22301083
3,PT03M44.00S,03:44,Q3 03:44,14.266666666666667,426,rebound,D. Exum REBOUND (Off:1 Def:0),[],Exum,60,84,,False,False,203957,,3pt missed,2pt missed,,,,1627832|1628415|1628467|1629023|1629029|1629111|1630224|1641715|202681|203957,1610612742.0,22301083
3,PT03M39.00S,03:39,Q3 03:39,14.35,427,2pt,MISS P. Washington 12' turnaround Shot,['2ndchance'],Washington,60,84,Missed,True,False,1629023,,rebound,rebound,,,,1627832|1628415|1628467|1629023|1629029|1629111|1630224|1641715|202681|203957,1610612742.0,22301083
3,PT03M37.00S,03:37,Q3 03:37,14.383333333333333,428,rebound,K. Irving REBOUND (Off:1 Def:2),[],Irving,60,84,,False,False,202681,,2pt missed,3pt made,,,,1627832|1628415|1628467|1629023|1629029|1629111|1630224|1641715|202681|203957,1610612742.0,22301083
3,PT03M32.00S,03:32,Q3 03:32,14.466666666666667,429,3pt,L. Doncic 26' 3PT pullup (47 PTS) (K. Irving 3 AST),['2ndchance'],Doncic,60,87,Made,True,True,1629029,202681.0,rebound,substitution,,,,1627832|1628415|1628467|1629023|1629029|1629111|1630224|1641715|202681|203957,1610612742.0,22301083
3,PT03M17.00S,03:17,Q3 03:17,14.716666666666667,432,substitution,SUB out: J. Green,[],Green,60,87,,False,False,1630224,,3pt made,substitution,,,,1627832|1628415|1628467|1629023|1629029|1629111|1641715|202681|203957,1610612745.0,22301083
3,PT03M17.00S,03:17,Q3 03:17,14.716666666666667,433,substitution,SUB out: P. Washington,[],Washington,60,87,,False,False,1629023,,substitution,substitution,,,,1627832|1628415|1628467|1629029|1629111|1641715|202681|203957,1610612742.0,22301083
3,PT03M17.00S,03:17,Q3 03:17,14.716666666666667,434,substitution,SUB in: A. Holiday,[],Holiday,60,87,,False,False,1628988,,substitution,substitution,,,,1627832|1628415|1628467|1628988|1629029|1629111|1641715|202681|203957,1610612745.0,22301083
3,PT03M17.00S,03:17,Q3 03:17,14.716666666666667,435,substitution,SUB in: T. Hardaway Jr.,[],Hardaway Jr.,60,87,,False,False,203501,,substitution,3pt made,,,,1627832|1628415|1628467|1628988|1629029|1629111|1641715|202681|203501|203957,1610612742.0,22301083
3,PT03M10.00S,03:10,Q3 03:10,14.833333333333334,436,3pt,F. VanVleet 25' 3PT pullup (10 PTS) (A. Holiday 2 AST),[],VanVleet,63,87,Made,True,True,1627832,1628988.0,substitution,foul,,,,1627832|1628415|1628467|1628988|1629029|1629111|1641715|202681|203501|203957,1610612745.0,22301083
3,PT02M58.00S,02:58,Q3 02:58,13.033333333333333,437,foul,M. Kleber offensive FOUL (1 PF),[],Kleber,63,87,,False,False,1628467,,3pt made,turnover,1628415.0,,,1627832|1628415|1628467|1628988|1629029|1629111|1641715|202681|203501|203957,1610612742.0,22301083
3,PT02M58.00S,02:58,Q3 02:58,13.033333333333333,439,turnover,M. Kleber offensive foul TURNOVER (1 TO),[],Kleber,63,87,,False,False,1628467,,foul,timeout,,,,1627832|1628415|1628467|1628988|1629029|1629111|1641715|202681|203501|203957,1610612742.0,22301083
3,PT02M58.00S,02:58,Q3 02:58,13.033333333333333,440,timeout,DAL Timeout,['team'],,63,87,,False,False,0,,turnover,substitution,,,,1627832|1628415|1628467|1628988|1629029|1629111|1641715|202681|203501|203957,1610612742.0,22301083
3,PT02M58.00S,02:58,Q3 02:58,13.033333333333333,443,substitution,SUB out: K. Irving,[],Irving,63,87,,False,False,202681,,timeout,substitution,,,,1627832|1628415|1628467|1628988|1629029|1629111|1641715|203501|203957,1610612742.0,22301083
3,PT02M58.00S,02:58,Q3 02:58,13.033333333333333,444,substitution,SUB in: J. Hardy,[],Hardy,63,87,,False,False,1630702,,substitution,2pt missed,,,,1627832|1628415|1628467|1628988|1629029|1629111|1630702|1641715|203501|203957,1610612742.0,22301083
3,PT02M41.00S,02:41,Q3 02:41,13.316666666666666,445,2pt,MISS J. Landale driving Layup,"['pointsinthepaint', 'fromturnover']",Landale,63,87,Missed,True,False,1629111,,substitution,rebound,,,,1627832|1628415|1628467|1628988|1629029|1629111|1630702|1641715|203501|203957,1610612745.0,22301083
3,PT02M34.00S,02:34,Q3 02:34,13.433333333333334,447,rebound,C. Whitmore REBOUND (Off:3 Def:0),[],Whitmore,63,87,,False,False,1641715,,2pt missed,2pt made,,,,1627832|1628415|1628467|1628988|1629029|1629111|1630702|1641715|203501|203957,1610612745.0,22301083
3,PT02M34.00S,02:34,Q3 02:34,13.433333333333334,448,2pt,C. Whitmore putback Layup (7 PTS),"['pointsinthepaint', 'fromturnover', '2ndchance']",Whitmore,65,87,Made,True,False,1641715,,rebound,2pt made,,,,1627832|1628415|1628467|1628988|1629029|1629111|1630702|1641715|203501|203957,1610612745.0,22301083
3,PT02M26.00S,02:26,Q3 02:26,13.566666666666666,449,2pt,D. Exum cutting Layup (13 PTS) (L. Doncic 6 AST),['pointsinthepaint'],Exum,65,89,Made,True,True,203957,1629029.0,2pt made,2pt made,,,,1627832|1628415|1628467|1628988|1629029|1629111|1630702|1641715|203501|203957,1610612742.0,22301083
3,PT02M06.00S,02:06,Q3 02:06,13.9,451,2pt,A. Holiday 17' pullup Jump Shot (2 PTS),[],Holiday,67,89,Made,True,False,1628988,,2pt made,3pt missed,,,,1627832|1628415|1628467|1628988|1629029|1629111|1630702|1641715|203501|203957,1610612745.0,22301083
3,PT01M43.00S,01:43,Q3 01:43,12.283333333333333,452,3pt,MISS T. Hardaway Jr. 3PT,[],Hardaway Jr.,67,89,Missed,True,False,203501,,2pt made,rebound,,,,1627832|1628415|1628467|1628988|1629029|1629111|1630702|1641715|203501|203957,1610612742.0,22301083
3,PT01M42.00S,01:42,Q3 01:42,12.3,453,rebound,F. VanVleet REBOUND (Off:0 Def:2),[],VanVleet,67,89,,False,False,1627832,,3pt missed,3pt missed,,,,1627832|1628415|1628467|1628988|1629029|1629111|1630702|1641715|203501|203957,1610612745.0,22301083
3,PT01M37.00S,01:37,Q3 01:37,12.383333333333333,454,3pt,MISS C. Whitmore 24' running pullup 3PT,['fastbreak'],Whitmore,67,89,Missed,True,False,1641715,,rebound,rebound,,,,1627832|1628415|1628467|1628988|1629029|1629111|1630702|1641715|203501|203957,1610612745.0,22301083
3,PT01M36.00S,01:36,Q3 01:36,12.4,455,rebound,A. Holiday REBOUND (Off:1 Def:0),[],Holiday,67,89,,False,False,1628988,,3pt missed,2pt made,,,,1627832|1628415|1628467|1628988|1629029|1629111|1630702|1641715|203501|203957,1610612745.0,22301083
3,PT01M25.00S,01:25,Q3 01:25,12.583333333333334,458,2pt,C. Whitmore driving DUNK (9 PTS) (F. VanVleet 5 AST),"['pointsinthepaint', '2ndchance']",Whitmore,69,89,Made,True,True,1641715,1627832.0,rebound,turnover,,,,1627832|1628415|1628467|1628988|1629029|1629111|1630702|1641715|203501|203957,1610612745.0,22301083
3,PT01M08.00S,01:08,Q3 01:08,12.866666666666667,460,turnover,M. Kleber lost ball out-of-bounds TURNOVER (2 TO),[],Kleber,69,89,,False,False,1628467,,2pt made,2pt missed,,,,1627832|1628415|1628467|1628988|1629029|1629111|1630702|1641715|203501|203957,1610612742.0,22301083
3,PT00M54.70S,00:54,Q3 00:54,11.1,461,2pt,MISS A. Holiday 11' pullup Shot,"['pointsinthepaint', 'fromturnover']",Holiday,69,89,Missed,True,False,1628988,,turnover,rebound,,,,1627832|1628415|1628467|1628988|1629029|1629111|1630702|1641715|203501|203957,1610612745.0,22301083
3,PT00M53.90S,00:53,Q3 00:53,11.116666666666667,462,rebound,L. Doncic REBOUND (Off:0 Def:12),[],Doncic,69,89,,False,False,1629029,,2pt missed,foul,,,,1627832|1628415|1628467|1628988|1629029|1629111|1630702|1641715|203501|203957,1610612742.0,22301083
3,PT00M48.70S,00:48,Q3 00:48,11.2,463,foul,D. Brooks personal FOUL (3 PF),[],Brooks,69,89,,False,False,1628415,,rebound,turnover,1629029.0,,,1627832|1628415|1628467|1628988|1629029|1629111|1630702|1641715|203501|203957,1610612745.0,22301083
3,PT00M41.70S,00:41,Q3 00:41,11.316666666666666,465,turnover,L. Doncic bad pass TURNOVER (4 TO),[],Doncic,69,89,,False,False,1629029,,foul,steal,,1628988.0,,1627832|1628415|1628467|1628988|1629029|1629111|1630702|1641715|203501|203957,1610612742.0,22301083
3,PT00M41.70S,00:41,Q3 00:41,11.316666666666666,466,steal,A. Holiday STEAL (1 STL),[],Holiday,69,89,,False,False,1628988,,turnover,2pt made,,,,1627832|1628415|1628467|1628988|1629029|1629111|1630702|1641715|203501|203957,1610612745.0,22301083
3,PT00M39.50S,00:39,Q3 00:39,11.35,467,2pt,A. Holiday running finger roll Layup (4 PTS) (J. Landale 1 AST),"['fastbreak', 'pointsinthepaint', 'fromturnover']",Holiday,71,89,Made,True,True,1628988,1629111.0,steal,2pt made,,,,1627832|1628415|1628467|1628988|1629029|1629111|1630702|1641715|203501|203957,1610612745.0,22301083
3,PT00M17.90S,00:17,Q3 00:17,11.716666666666667,468,2pt,J. Hardy 13' fadeaway Jump Shot (2 PTS),['pointsinthepaint'],Hardy,71,91,Made,True,False,1630702,,2pt made,2pt made,,,,1627832|1628415|1628467|1628988|1629029|1629111|1630702|1641715|203501|203957,1610612742.0,22301083
3,PT00M00.50S,00:00,Q3 00:00,12.0,469,2pt,A. Holiday 11' floating Jump Shot (6 PTS) (F. VanVleet 6 AST),['pointsinthepaint'],Holiday,73,91,Made,True,True,1628988,1627832.0,2pt made,3pt missed,,,,1627832|1628415|1628467|1628988|1629029|1629111|1630702|1641715|203501|203957,1610612745.0,22301083
3,PT00M00.10S,00:00,Q3 00:00,12.0,471,3pt,MISS J. Hardy 46' 3PT,[],Hardy,73,91,Missed,True,False,1630702,,2pt made,rebound,,,,1627832|1628415|1628467|1628988|1629029|1629111|1630702|1641715|203501|203957,1610612742.0,22301083
3,PT00M00.10S,00:00,Q3 00:00,12.0,472,rebound,TEAM offensive REBOUND,['team'],,73,91,,False,False,0,,3pt missed,substitution,,,,1627832|1628415|1628467|1628988|1629029|1629111|1630702|1641715|203501|203957,1610612742.0,22301083
4,PT12M00.00S,12:00,Q4 12:00,12.0,474,substitution,SUB out: D. Brooks,['startperiod'],Brooks,73,91,,False,False,1628415,,rebound,substitution,,,,1627832|1628467|1628988|1629029|1629111|1630702|1641715|203501|203957,1610612745.0,22301083
4,PT12M00.00S,12:00,Q4 12:00,12.0,475,substitution,SUB out: D. Exum,['startperiod'],Exum,73,91,,False,False,203957,,substitution,substitution,,,,1627832|1628467|1628988|1629029|1629111|1630702|1641715|203501,1610612742.0,22301083
4,PT12M00.00S,12:00,Q4 12:00,12.0,476,substitution,SUB out: M. Kleber,['startperiod'],Kleber,73,91,,False,False,1628467,,substitution,substitution,,,,1627832|1628988|1629029|1629111|1630702|1641715|203501,1610612742.0,22301083
4,PT12M00.00S,12:00,Q4 12:00,12.0,477,substitution,SUB out: L. Doncic,['startperiod'],Doncic,73,91,,False,False,1629029,,substitution,substitution,,,,1627832|1628988|1629111|1630702|1641715|203501,1610612742.0,22301083
4,PT12M00.00S,12:00,Q4 12:00,12.0,478,substitution,SUB in: J. Smith Jr.,['startperiod'],Smith Jr.,73,91,,False,False,1631095,,substitution,substitution,,,,1627832|1628988|1629111|1630702|1631095|1641715|203501,1610612745.0,22301083
4,PT12M00.00S,12:00,Q4 12:00,12.0,479,substitution,SUB in: K. Irving,['startperiod'],Irving,73,91,,False,False,202681,,substitution,substitution,,,,1627832|1628988|1629111|1630702|1631095|1641715|202681|203501,1610612742.0,22301083
4,PT12M00.00S,12:00,Q4 12:00,12.0,480,substitution,SUB in: P. Washington,['startperiod'],Washington,73,91,,False,False,1629023,,substitution,substitution,,,,1627832|1628988|1629023|1629111|1630702|1631095|1641715|202681|203501,1610612742.0,22301083
4,PT12M00.00S,12:00,Q4 12:00,12.0,481,substitution,SUB in: D. Gafford,['startperiod'],Gafford,73,91,,False,False,1629655,,substitution,foul,,,,1627832|1628988|1629023|1629111|1629655|1630702|1631095|1641715|202681|203501,1610612742.0,22301083
4,PT11M51.00S,11:51,Q4 11:51,10.15,483,foul,F. VanVleet personal FOUL (2 PF),[],VanVleet,73,91,,False,False,1627832,,substitution,2pt made,1630702.0,,,1627832|1628988|1629023|1629111|1629655|1630702|1631095|1641715|202681|203501,1610612745.0,22301083
4,PT11M38.00S,11:38,Q4 11:38,10.366666666666667,485,2pt,K. Irving 11' pullup Jump Shot (11 PTS),['pointsinthepaint'],Irving,73,93,Made,True,False,202681,,foul,3pt made,,,,1627832|1628988|1629023|1629111|1629655|1630702|1631095|1641715|202681|203501,1610612742.0,22301083
4,PT11M26.00S,11:26,Q4 11:26,10.566666666666666,486,3pt,A. Holiday 26' 3PT pullup (9 PTS),[],Holiday,76,93,Made,True,False,1628988,,2pt made,foul,,,,1627832|1628988|1629023|1629111|1629655|1630702|1631095|1641715|202681|203501,1610612745.0,22301083
4,PT11M16.00S,11:16,Q4 11:16,10.733333333333333,487,foul,F. VanVleet personal FOUL (3 PF),[],VanVleet,76,93,,False,False,1627832,,3pt made,3pt made,202681.0,,,1627832|1628988|1629023|1629111|1629655|1630702|1631095|1641715|202681|203501,1610612745.0,22301083
4,PT11M04.00S,11:04,Q4 11:04,10.933333333333334,489,3pt,K. Irving 26' 3PT pullup (14 PTS),[],Irving,76,96,Made,True,False,202681,,foul,2pt missed,,,,1627832|1628988|1629023|1629111|1629655|1630702|1631095|1641715|202681|203501,1610612742.0,22301083
4,PT10M44.00S,10:44,Q4 10:44,9.266666666666667,490,2pt,MISS C. Whitmore 9' driving floating Shot,[],Whitmore,76,96,Missed,True,False,1641715,,3pt made,rebound,,,,1627832|1628988|1629023|1629111|1629655|1630702|1631095|1641715|202681|203501,1610612745.0,22301083
4,PT10M43.00S,10:43,Q4 10:43,9.283333333333333,491,rebound,J. Landale REBOUND (Off:1 Def:2),[],Landale,76,96,,False,False,1629111,,2pt missed,2pt missed,,,,1627832|1628988|1629023|1629111|1629655|1630702|1631095|1641715|202681|203501,1610612745.0,22301083
4,PT10M40.00S,10:40,Q4 10:40,9.333333333333334,492,2pt,MISS J. Landale driving reverse Layup,"['pointsinthepaint', '2ndchance']",Landale,76,96,Missed,True,False,1629111,,rebound,rebound,,,,1627832|1628988|1629023|1629111|1629655|1630702|1631095|1641715|202681|203501,1610612745.0,22301083
4,PT10M38.00S,10:38,Q4 10:38,9.366666666666667,493,rebound,D. Gafford REBOUND (Off:1 Def:3),[],Gafford,76,96,,False,False,1629655,,2pt missed,3pt made,,,,1627832|1628988|1629023|1629111|1629655|1630702|1631095|1641715|202681|203501,1610612742.0,22301083
4,PT10M27.00S,10:27,Q4 10:27,9.55,494,3pt,T. Hardaway Jr. 26' 3PT  (3 PTS) (K. Irving 4 AST),[],Hardaway Jr.,76,99,Made,True,True,203501,202681.0,rebound,foul,,,,1627832|1628988|1629023|1629111|1629655|1630702|1631095|1641715|202681|203501,1610612742.0,22301083
4,PT10M16.00S,10:16,Q4 10:16,9.733333333333333,496,foul,J. Hardy personal FOUL (2 PF),[],Hardy,76,99,,False,False,1630702,,3pt made,turnover,1628988.0,,,1627832|1628988|1629023|1629111|1629655|1630702|1631095|1641715|202681|203501,1610612742.0,22301083
4,PT10M09.00S,10:09,Q4 10:09,9.85,498,turnover,F. VanVleet lost ball out-of-bounds TURNOVER (3 TO),[],VanVleet,76,99,,False,False,1627832,,foul,foul,,,,1627832|1628988|1629023|1629111|1629655|1630702|1631095|1641715|202681|203501,1610612745.0,22301083
4,PT10M09.00S,10:09,Q4 10:09,9.85,499,foul,F. VanVleet technical FOUL (1 Tech),['1freethrow'],VanVleet,76,99,,False,False,1627832,,turnover,freethrow,,,,1627832|1628988|1629023|1629111|1629655|1630702|1631095|1641715|202681|203501,1610612745.0,22301083
4,PT10M09.00S,10:09,Q4 10:09,9.85,500,freethrow,K. Irving technical Free Throw 1 of 1 (15 PTS),[],Irving,76,100,Made,False,False,202681,,foul,3pt made,,,,1627832|1628988|1629023|1629111|1629655|1630702|1631095|1641715|202681|203501,1610612742.0,22301083
4,PT09M56.00S,09:56,Q4 09:56,8.066666666666666,501,3pt,K. Irving 25' 3PT pullup (18 PTS),['fromturnover'],Irving,76,103,Made,True,False,202681,,freethrow,3pt made,,,,1627832|1628988|1629023|1629111|1629655|1630702|1631095|1641715|202681|203501,1610612742.0,22301083
4,PT09M44.00S,09:44,Q4 09:44,8.266666666666667,502,3pt,J. Smith Jr. 24' 3PT  (18 PTS) (F. VanVleet 7 AST),[],Smith Jr.,79,103,Made,True,True,1631095,1627832.0,3pt made,2pt made,,,,1627832|1628988|1629023|1629111|1629655|1630702|1631095|1641715|202681|203501,1610612745.0,22301083
4,PT09M29.00S,09:29,Q4 09:29,8.516666666666667,504,2pt,D. Gafford driving DUNK (6 PTS) (K. Irving 5 AST),['pointsinthepaint'],Gafford,79,105,Made,True,True,1629655,202681.0,3pt made,3pt missed,,,,1627832|1628988|1629023|1629111|1629655|1630702|1631095|1641715|202681|203501,1610612742.0,22301083
4,PT09M17.00S,09:17,Q4 09:17,8.716666666666667,506,3pt,MISS C. Whitmore 25' 3PT,[],Whitmore,79,105,Missed,True,False,1641715,,2pt made,rebound,,,,1627832|1628988|1629023|1629111|1629655|1630702|1631095|1641715|202681|203501,1610612745.0,22301083
4,PT09M16.00S,09:16,Q4 09:16,8.733333333333333,507,rebound,J. Landale REBOUND (Off:2 Def:2),[],Landale,79,105,,False,False,1629111,,3pt missed,2pt made,,,,1627832|1628988|1629023|1629111|1629655|1630702|1631095|1641715|202681|203501,1610612745.0,22301083
4,PT09M15.00S,09:15,Q4 09:15,8.75,508,2pt,J. Landale putback Layup (10 PTS),"['pointsinthepaint', '2ndchance']",Landale,81,105,Made,True,False,1629111,,rebound,foul,,,,1627832|1628988|1629023|1629111|1629655|1630702|1631095|1641715|202681|203501,1610612745.0,22301083
4,PT09M15.00S,09:15,Q4 09:15,8.75,509,foul,P. Washington shooting personal FOUL (4 PF) (Landale 1 FT),['1freethrow'],Washington,81,105,,False,False,1629023,,2pt made,freethrow,1629111.0,,,1627832|1628988|1629023|1629111|1629655|1630702|1631095|1641715|202681|203501,1610612742.0,22301083
4,PT09M15.00S,09:15,Q4 09:15,8.75,511,freethrow,J. Landale Free Throw 1 of 1 (11 PTS),['2ndchance'],Landale,82,105,Made,False,False,1629111,,foul,3pt made,,,,1627832|1628988|1629023|1629111|1629655|1630702|1631095|1641715|202681|203501,1610612745.0,22301083
4,PT09M04.00S,09:04,Q4 09:04,8.933333333333334,512,3pt,J. Hardy 25' 3PT  (5 PTS) (K. Irving 6 AST),[],Hardy,82,108,Made,True,True,1630702,202681.0,freethrow,2pt missed,,,,1627832|1628988|1629023|1629111|1629655|1630702|1631095|1641715|202681|203501,1610612742.0,22301083
4,PT08M38.00S,08:38,Q4 08:38,7.366666666666667,514,2pt,MISS J. Landale 6' turnaround Hook,['pointsinthepaint'],Landale,82,108,Missed,True,False,1629111,,3pt made,rebound,,,,1627832|1628988|1629023|1629111|1629655|1630702|1631095|1641715|202681|203501,1610612745.0,22301083
4,PT08M37.00S,08:37,Q4 08:37,7.383333333333333,515,rebound,C. Whitmore REBOUND (Off:4 Def:0),[],Whitmore,82,108,,False,False,1641715,,2pt missed,foul,,,,1627832|1628988|1629023|1629111|1629655|1630702|1631095|1641715|202681|203501,1610612745.0,22301083
4,PT08M35.00S,08:35,Q4 08:35,7.416666666666667,516,foul,D. Gafford shooting personal FOUL (2 PF) (Whitmore 2 FT),['2freethrow'],Gafford,82,108,,False,False,1629655,,rebound,freethrow,1641715.0,,,1627832|1628988|1629023|1629111|1629655|1630702|1631095|1641715|202681|203501,1610612742.0,22301083
4,PT08M35.00S,08:35,Q4 08:35,7.416666666666667,518,freethrow,MISS C. Whitmore Free Throw 1 of 2,['2ndchance'],Whitmore,82,108,Missed,False,False,1641715,,foul,rebound,,,,1627832|1628988|1629023|1629111|1629655|1630702|1631095|1641715|202681|203501,1610612745.0,22301083
4,PT08M35.00S,08:35,Q4 08:35,7.416666666666667,519,rebound,TEAM offensive REBOUND,"['deadball', 'team']",,82,108,,False,False,0,,freethrow,substitution,,,,1627832|1628988|1629023|1629111|1629655|1630702|1631095|1641715|202681|203501,1610612745.0,22301083
4,PT08M35.00S,08:35,Q4 08:35,7.416666666666667,520,substitution,SUB out: F. VanVleet,[],VanVleet,82,108,,False,False,1627832,,rebound,substitution,,,,1628988|1629023|1629111|1629655|1630702|1631095|1641715|202681|203501,1610612745.0,22301083
4,PT08M35.00S,08:35,Q4 08:35,7.416666666666667,521,substitution,SUB in: J. Green,[],Green,82,108,,False,False,1630224,,substitution,freethrow,,,,1628988|1629023|1629111|1629655|1630224|1630702|1631095|1641715|202681|203501,1610612745.0,22301083
4,PT08M35.00S,08:35,Q4 08:35,7.416666666666667,522,freethrow,C. Whitmore Free Throw 2 of 2 (10 PTS),['2ndchance'],Whitmore,83,108,Made,False,False,1641715,,substitution,3pt made,,,,1628988|1629023|1629111|1629655|1630224|1630702|1631095|1641715|202681|203501,1610612745.0,22301083
4,PT08M18.00S,08:18,Q4 08:18,7.7,523,3pt,T. Hardaway Jr. 3PT  (6 PTS) (D. Gafford 3 AST),[],Hardaway Jr.,83,111,Made,True,True,203501,1629655.0,freethrow,2pt missed,,,,1628988|1629023|1629111|1629655|1630224|1630702|1631095|1641715|202681|203501,1610612742.0,22301083
4,PT08M05.00S,08:05,Q4 08:05,7.916666666666667,525,2pt,MISS J. Landale cutting DUNK - blocked,['pointsinthepaint'],Landale,83,111,Missed,True,False,1629111,,3pt made,block,,,1629023.0,1628988|1629023|1629111|1629655|1630224|1630702|1631095|1641715|202681|203501,1610612745.0,22301083
4,PT08M05.00S,08:05,Q4 08:05,7.916666666666667,526,block,P. Washington BLOCK (1 BLK),[],Washington,83,111,,False,False,1629023,,2pt missed,rebound,,,,1628988|1629023|1629111|1629655|1630224|1630702|1631095|1641715|202681|203501,1610612742.0,22301083
4,PT08M04.00S,08:04,Q4 08:04,7.933333333333334,527,rebound,TEAM offensive REBOUND,['team'],,83,111,,False,False,0,,block,substitution,,,,1628988|1629023|1629111|1629655|1630224|1630702|1631095|1641715|202681|203501,1610612745.0,22301083
4,PT08M04.00S,08:04,Q4 08:04,7.933333333333334,529,substitution,SUB out: J. Landale,[],Landale,83,111,,False,False,1629111,,rebound,substitution,,,,1628988|1629023|1629655|1630224|1630702|1631095|1641715|202681|203501,1610612745.0,22301083
4,PT08M04.00S,08:04,Q4 08:04,7.933333333333334,530,substitution,SUB in: J. Tate,[],Tate,83,111,,False,False,1630256,,substitution,3pt missed,,,,1628988|1629023|1629655|1630224|1630256|1630702|1631095|1641715|202681|203501,1610612745.0,22301083
4,PT08M00.00S,08:00,Q4 08:00,8.0,531,3pt,MISS J. Green 24' 3PT,['2ndchance'],Green,83,111,Missed,True,False,1630224,,substitution,rebound,,,,1628988|1629023|1629655|1630224|1630256|1630702|1631095|1641715|202681|203501,1610612745.0,22301083
4,PT07M58.00S,07:58,Q4 07:58,6.033333333333333,532,rebound,J. Tate REBOUND (Off:1 Def:0),[],Tate,83,111,,False,False,1630256,,3pt missed,2pt made,,,,1628988|1629023|1629655|1630224|1630256|1630702|1631095|1641715|202681|203501,1610612745.0,22301083
4,PT07M54.00S,07:54,Q4 07:54,6.1,533,2pt,J. Tate turnaround bank Hook (2 PTS),"['pointsinthepaint', '2ndchance']",Tate,85,111,Made,True,False,1630256,,rebound,2pt missed,,,,1628988|1629023|1629655|1630224|1630256|1630702|1631095|1641715|202681|203501,1610612745.0,22301083
4,PT07M44.00S,07:44,Q4 07:44,6.266666666666667,534,2pt,MISS K. Irving alley-oop Layup,['pointsinthepaint'],Irving,85,111,Missed,True,False,202681,,2pt made,rebound,,,,1628988|1629023|1629655|1630224|1630256|1630702|1631095|1641715|202681|203501,1610612742.0,22301083
4,PT07M43.00S,07:43,Q4 07:43,6.283333333333333,535,rebound,J. Tate REBOUND (Off:1 Def:1),[],Tate,85,111,,False,False,1630256,,2pt missed,2pt missed,,,,1628988|1629023|1629655|1630224|1630256|1630702|1631095|1641715|202681|203501,1610612745.0,22301083
4,PT07M31.00S,07:31,Q4 07:31,6.483333333333333,536,2pt,MISS J. Green driving finger roll Layup - blocked,['pointsinthepaint'],Green,85,111,Missed,True,False,1630224,,rebound,block,,,1629655.0,1628988|1629023|1629655|1630224|1630256|1630702|1631095|1641715|202681|203501,1610612745.0,22301083
4,PT07M31.00S,07:31,Q4 07:31,6.483333333333333,537,block,D. Gafford BLOCK (5 BLK),[],Gafford,85,111,,False,False,1629655,,2pt missed,rebound,,,,1628988|1629023|1629655|1630224|1630256|1630702|1631095|1641715|202681|203501,1610612742.0,22301083
4,PT07M30.00S,07:30,Q4 07:30,6.5,538,rebound,TEAM offensive REBOUND,['team'],,85,111,,False,False,0,,block,substitution,,,,1628988|1629023|1629655|1630224|1630256|1630702|1631095|1641715|202681|203501,1610612745.0,22301083
4,PT07M30.00S,07:30,Q4 07:30,6.5,540,substitution,SUB out: D. Gafford,[],Gafford,85,111,,False,False,1629655,,rebound,substitution,,,,1628988|1629023|1630224|1630256|1630702|1631095|1641715|202681|203501,1610612742.0,22301083
4,PT07M30.00S,07:30,Q4 07:30,6.5,541,substitution,SUB in: M. Kleber,[],Kleber,85,111,,False,False,1628467,,substitution,2pt made,,,,1628467|1628988|1629023|1630224|1630256|1630702|1631095|1641715|202681|203501,1610612742.0,22301083
4,PT07M23.00S,07:23,Q4 07:23,6.616666666666666,542,2pt,J. Smith Jr. reverse Layup (20 PTS),"['pointsinthepaint', '2ndchance']",Smith Jr.,87,111,Made,True,False,1631095,,substitution,foul,,,,1628467|1628988|1629023|1630224|1630256|1630702|1631095|1641715|202681|203501,1610612745.0,22301083
4,PT07M23.00S,07:23,Q4 07:23,6.616666666666666,543,foul,P. Washington shooting personal FOUL (5 PF) (Smith Jr. 1 FT),['1freethrow'],Washington,87,111,,False,False,1629023,,2pt made,substitution,1631095.0,,,1628467|1628988|1629023|1630224|1630256|1630702|1631095|1641715|202681|203501,1610612742.0,22301083
4,PT07M23.00S,07:23,Q4 07:23,6.616666666666666,545,substitution,SUB out: P. Washington,[],Washington,87,111,,False,False,1629023,,foul,substitution,,,,1628467|1628988|1630224|1630256|1630702|1631095|1641715|202681|203501,1610612742.0,22301083
4,PT07M23.00S,07:23,Q4 07:23,6.616666666666666,546,substitution,SUB in: L. Doncic,[],Doncic,87,111,,False,False,1629029,,substitution,freethrow,,,,1628467|1628988|1629029|1630224|1630256|1630702|1631095|1641715|202681|203501,1610612742.0,22301083
4,PT07M23.00S,07:23,Q4 07:23,6.616666666666666,547,freethrow,J. Smith Jr. Free Throw 1 of 1 (21 PTS),['2ndchance'],Smith Jr.,88,111,Made,False,False,1631095,,substitution,2pt missed,,,,1628467|1628988|1629029|1630224|1630256|1630702|1631095|1641715|202681|203501,1610612745.0,22301083
4,PT07M03.00S,07:03,Q4 07:03,6.95,548,2pt,MISS K. Irving 12' fadeaway Shot,['pointsinthepaint'],Irving,88,111,Missed,True,False,202681,,freethrow,rebound,,,,1628467|1628988|1629029|1630224|1630256|1630702|1631095|1641715|202681|203501,1610612742.0,22301083
4,PT07M02.00S,07:02,Q4 07:02,6.966666666666667,549,rebound,J. Tate REBOUND (Off:1 Def:2),[],Tate,88,111,,False,False,1630256,,2pt missed,2pt missed,,,,1628467|1628988|1629029|1630224|1630256|1630702|1631095|1641715|202681|203501,1610612745.0,22301083
4,PT06M56.00S,06:56,Q4 06:56,5.066666666666666,550,2pt,MISS J. Tate running Layup,"['pointsinthepaint', 'fastbreak']",Tate,88,111,Missed,True,False,1630256,,rebound,rebound,,,,1628467|1628988|1629029|1630224|1630256|1630702|1631095|1641715|202681|203501,1610612745.0,22301083
4,PT06M54.00S,06:54,Q4 06:54,5.1,551,rebound,J. Smith Jr. REBOUND (Off:2 Def:4),[],Smith Jr.,88,111,,False,False,1631095,,2pt missed,2pt made,,,,1628467|1628988|1629029|1630224|1630256|1630702|1631095|1641715|202681|203501,1610612745.0,22301083
4,PT06M54.00S,06:54,Q4 06:54,5.1,552,2pt,J. Smith Jr. putback Layup (23 PTS),"['pointsinthepaint', '2ndchance']",Smith Jr.,90,111,Made,True,False,1631095,,rebound,3pt missed,,,,1628467|1628988|1629029|1630224|1630256|1630702|1631095|1641715|202681|203501,1610612745.0,22301083
4,PT06M36.00S,06:36,Q4 06:36,5.4,553,3pt,MISS L. Doncic 25' step back 3PT,[],Doncic,90,111,Missed,True,False,1629029,,2pt made,rebound,,,,1628467|1628988|1629029|1630224|1630256|1630702|1631095|1641715|202681|203501,1610612742.0,22301083
4,PT06M36.00S,06:36,Q4 06:36,5.4,554,rebound,J. Smith Jr. REBOUND (Off:2 Def:5),[],Smith Jr.,90,111,,False,False,1631095,,3pt missed,3pt made,,,,1628467|1628988|1629029|1630224|1630256|1630702|1631095|1641715|202681|203501,1610612745.0,22301083
4,PT06M26.00S,06:26,Q4 06:26,5.566666666666666,555,3pt,C. Whitmore 27' 3PT  (13 PTS) (J. Smith Jr. 2 AST),[],Whitmore,93,111,Made,True,True,1641715,1631095.0,rebound,timeout,,,,1628467|1628988|1629029|1630224|1630256|1630702|1631095|1641715|202681|203501,1610612745.0,22301083
4,PT06M24.00S,06:24,Q4 06:24,5.6,557,timeout,DAL Timeout,"['team', 'mandatory']",,93,111,,False,False,0,,3pt made,substitution,,,,1628467|1628988|1629029|1630224|1630256|1630702|1631095|1641715|202681|203501,1610612742.0,22301083
4,PT06M24.00S,06:24,Q4 06:24,5.6,558,substitution,SUB out: J. Hardy,[],Hardy,93,111,,False,False,1630702,,timeout,substitution,,,,1628467|1628988|1629029|1630224|1630256|1631095|1641715|202681|203501,1610612742.0,22301083
4,PT06M24.00S,06:24,Q4 06:24,5.6,559,substitution,SUB in: D. Jones Jr.,[],Jones Jr.,93,111,,False,False,1627884,,substitution,3pt missed,,,,1627884|1628467|1628988|1629029|1630224|1630256|1631095|1641715|202681|203501,1610612742.0,22301083
4,PT06M03.00S,06:03,Q4 06:03,5.95,560,3pt,MISS T. Hardaway Jr. 3PT,[],Hardaway Jr.,93,111,Missed,True,False,203501,,substitution,rebound,,,,1627884|1628467|1628988|1629029|1630224|1630256|1631095|1641715|202681|203501,1610612742.0,22301083
4,PT06M02.00S,06:02,Q4 06:02,5.966666666666667,561,rebound,A. Holiday REBOUND (Off:1 Def:1),[],Holiday,93,111,,False,False,1628988,,3pt missed,2pt made,,,,1627884|1628467|1628988|1629029|1630224|1630256|1631095|1641715|202681|203501,1610612745.0,22301083
4,PT05M56.00S,05:56,Q4 05:56,4.066666666666666,562,2pt,A. Holiday running finger roll Layup (11 PTS),"['fastbreak', 'pointsinthepaint']",Holiday,95,111,Made,True,False,1628988,,rebound,2pt made,,,,1627884|1628467|1628988|1629029|1630224|1630256|1631095|1641715|202681|203501,1610612745.0,22301083
4,PT05M33.00S,05:33,Q4 05:33,4.45,563,2pt,K. Irving 15' pullup Jump Shot (20 PTS),[],Irving,95,113,Made,True,False,202681,,2pt made,turnover,,,,1627884|1628467|1628988|1629029|1630224|1630256|1631095|1641715|202681|203501,1610612742.0,22301083
4,PT05M16.00S,05:16,Q4 05:16,4.733333333333333,564,turnover,J. Tate bad pass TURNOVER (1 TO),[],Tate,95,113,,False,False,1630256,,2pt made,steal,,1629029.0,,1627884|1628467|1628988|1629029|1630224|1630256|1631095|1641715|202681|203501,1610612745.0,22301083
4,PT05M16.00S,05:16,Q4 05:16,4.733333333333333,565,steal,L. Doncic STEAL (1 STL),[],Doncic,95,113,,False,False,1629029,,turnover,3pt made,,,,1627884|1628467|1628988|1629029|1630224|1630256|1631095|1641715|202681|203501,1610612742.0,22301083
4,PT05M11.00S,05:11,Q4 05:11,4.816666666666666,566,3pt,T. Hardaway Jr. 24' 3PT running pullup (9 PTS) (L. Doncic 7 AST),"['fromturnover', 'fastbreak']",Hardaway Jr.,95,116,Made,True,True,203501,1629029.0,steal,foul,,,,1627884|1628467|1628988|1629029|1630224|1630256|1631095|1641715|202681|203501,1610612742.0,22301083
4,PT05M00.00S,05:00,Q4 05:00,5.0,568,foul,M. Kleber shooting personal FOUL (2 PF) (Whitmore 2 FT),"['inpenalty', '2freethrow']",Kleber,95,116,,False,False,1628467,,3pt made,freethrow,1641715.0,,,1627884|1628467|1628988|1629029|1630224|1630256|1631095|1641715|202681|203501,1610612742.0,22301083
4,PT05M00.00S,05:00,Q4 05:00,5.0,570,freethrow,MISS C. Whitmore Free Throw 1 of 2,[],Whitmore,95,116,Missed,False,False,1641715,,foul,rebound,,,,1627884|1628467|1628988|1629029|1630224|1630256|1631095|1641715|202681|203501,1610612745.0,22301083
4,PT05M00.00S,05:00,Q4 05:00,5.0,571,rebound,TEAM offensive REBOUND,"['deadball', 'team']",,95,116,,False,False,0,,freethrow,substitution,,,,1627884|1628467|1628988|1629029|1630224|1630256|1631095|1641715|202681|203501,1610612745.0,22301083
4,PT05M00.00S,05:00,Q4 05:00,5.0,572,substitution,SUB out: J. Green,[],Green,95,116,,False,False,1630224,,rebound,substitution,,,,1627884|1628467|1628988|1629029|1630256|1631095|1641715|202681|203501,1610612745.0,22301083
4,PT05M00.00S,05:00,Q4 05:00,5.0,573,substitution,SUB in: N. Williams,[],Williams,95,116,,False,False,1631466,,substitution,freethrow,,,,1627884|1628467|1628988|1629029|1630256|1631095|1631466|1641715|202681|203501,1610612745.0,22301083
4,PT05M00.00S,05:00,Q4 05:00,5.0,574,freethrow,MISS C. Whitmore Free Throw 2 of 2,[],Whitmore,95,116,Missed,False,False,1641715,,substitution,rebound,,,,1627884|1628467|1628988|1629029|1630256|1631095|1631466|1641715|202681|203501,1610612745.0,22301083
4,PT05M00.00S,05:00,Q4 05:00,5.0,575,rebound,D. Jones Jr. REBOUND (Off:1 Def:4),[],Jones Jr.,95,116,,False,False,1627884,,freethrow,2pt missed,,,,1627884|1628467|1628988|1629029|1630256|1631095|1631466|1641715|202681|203501,1610612742.0,22301083
4,PT04M43.00S,04:43,Q4 04:43,3.283333333333333,576,2pt,MISS L. Doncic 17' driving floating bank Shot,[],Doncic,95,116,Missed,True,False,1629029,,rebound,rebound,,,,1627884|1628467|1628988|1629029|1630256|1631095|1631466|1641715|202681|203501,1610612742.0,22301083
4,PT04M42.00S,04:42,Q4 04:42,3.3,577,rebound,C. Whitmore REBOUND (Off:4 Def:1),[],Whitmore,95,116,,False,False,1641715,,2pt missed,2pt missed,,,,1627884|1628467|1628988|1629029|1630256|1631095|1631466|1641715|202681|203501,1610612745.0,22301083
4,PT04M37.00S,04:37,Q4 04:37,3.3833333333333333,578,2pt,MISS C. Whitmore running finger roll Layup,"['pointsinthepaint', 'fastbreak']",Whitmore,95,116,Missed,True,False,1641715,,rebound,rebound,,,,1627884|1628467|1628988|1629029|1630256|1631095|1631466|1641715|202681|203501,1610612745.0,22301083
4,PT04M37.00S,04:37,Q4 04:37,3.3833333333333333,582,rebound,TEAM offensive REBOUND,['team'],,95,116,,False,False,0,,2pt missed,turnover,,,,1627884|1628467|1628988|1629029|1630256|1631095|1631466|1641715|202681|203501,1610612745.0,22301083
4,PT04M37.00S,04:37,Q4 04:37,3.3833333333333333,579,turnover,J. Tate offensive goaltending TURNOVER (2 TO),[],Tate,95,116,,False,False,1630256,,rebound,substitution,,,,1627884|1628467|1628988|1629029|1630256|1631095|1631466|1641715|202681|203501,1610612745.0,22301083
4,PT04M37.00S,04:37,Q4 04:37,3.3833333333333333,580,substitution,SUB out: C. Whitmore,[],Whitmore,95,116,,False,False,1641715,,turnover,substitution,,,,1627884|1628467|1628988|1629029|1630256|1631095|1631466|202681|203501,1610612745.0,22301083
4,PT04M37.00S,04:37,Q4 04:37,3.3833333333333333,581,substitution,SUB in: R. Bullock Jr.,[],Bullock Jr.,95,116,,False,False,203493,,substitution,foul,,,,1627884|1628467|1628988|1629029|1630256|1631095|1631466|202681|203493|203501,1610612745.0,22301083
4,PT04M29.00S,04:29,Q4 04:29,3.5166666666666666,583,foul,A. Holiday personal FOUL (1 PF),[],Holiday,95,116,,False,False,1628988,,substitution,3pt missed,1627884.0,,,1627884|1628467|1628988|1629029|1630256|1631095|1631466|202681|203493|203501,1610612745.0,22301083
4,PT04M20.00S,04:20,Q4 04:20,3.6666666666666665,585,3pt,MISS K. Irving 25' step back 3PT,['fromturnover'],Irving,95,116,Missed,True,False,202681,,foul,rebound,,,,1627884|1628467|1628988|1629029|1630256|1631095|1631466|202681|203493|203501,1610612742.0,22301083
4,PT04M20.00S,04:20,Q4 04:20,3.6666666666666665,586,rebound,TEAM defensive REBOUND,['team'],,95,116,,False,False,0,,3pt missed,foul,,,,1627884|1628467|1628988|1629029|1630256|1631095|1631466|202681|203493|203501,1610612745.0,22301083
4,PT04M14.00S,04:14,Q4 04:14,3.7666666666666666,588,foul,K. Irving personal FOUL (3 PF) (Holiday 2 FT),"['inpenalty', '2freethrow']",Irving,95,116,,False,False,202681,,rebound,freethrow,1628988.0,,,1627884|1628467|1628988|1629029|1630256|1631095|1631466|202681|203493|203501,1610612742.0,22301083
4,PT04M14.00S,04:14,Q4 04:14,3.7666666666666666,590,freethrow,A. Holiday Free Throw 1 of 2 (12 PTS),[],Holiday,96,116,Made,False,False,1628988,,foul,freethrow,,,,1627884|1628467|1628988|1629029|1630256|1631095|1631466|202681|203493|203501,1610612745.0,22301083
4,PT04M14.00S,04:14,Q4 04:14,3.7666666666666666,591,freethrow,A. Holiday Free Throw 2 of 2 (13 PTS),[],Holiday,97,116,Made,False,False,1628988,,freethrow,2pt missed,,,,1627884|1628467|1628988|1629029|1630256|1631095|1631466|202681|203493|203501,1610612745.0,22301083
4,PT03M58.00S,03:58,Q4 03:58,2.033333333333333,592,2pt,MISS D. Jones Jr. 6' floating Shot - blocked,['pointsinthepaint'],Jones Jr.,97,116,Missed,True,False,1627884,,freethrow,block,,,1631095.0,1627884|1628467|1628988|1629029|1630256|1631095|1631466|202681|203493|203501,1610612742.0,22301083
4,PT03M58.00S,03:58,Q4 03:58,2.033333333333333,593,block,J. Smith Jr. BLOCK (3 BLK),[],Smith Jr.,97,116,,False,False,1631095,,2pt missed,rebound,,,,1627884|1628467|1628988|1629029|1630256|1631095|1631466|202681|203493|203501,1610612745.0,22301083
4,PT03M56.00S,03:56,Q4 03:56,2.0666666666666664,594,rebound,A. Holiday REBOUND (Off:1 Def:2),[],Holiday,97,116,,False,False,1628988,,block,3pt made,,,,1627884|1628467|1628988|1629029|1630256|1631095|1631466|202681|203493|203501,1610612745.0,22301083
4,PT03M51.00S,03:51,Q4 03:51,2.15,595,3pt,A. Holiday 3PT pullup (16 PTS),[],Holiday,100,116,Made,True,False,1628988,,rebound,2pt made,,,,1627884|1628467|1628988|1629029|1630256|1631095|1631466|202681|203493|203501,1610612745.0,22301083
4,PT03M33.00S,03:33,Q4 03:33,2.45,596,2pt,K. Irving driving Layup (22 PTS),['pointsinthepaint'],Irving,100,118,Made,True,False,202681,,3pt made,3pt made,,,,1627884|1628467|1628988|1629029|1630256|1631095|1631466|202681|203493|203501,1610612742.0,22301083
4,PT03M15.00S,03:15,Q4 03:15,2.75,598,3pt,J. Smith Jr. 25' 3PT  (26 PTS) (N. Williams 1 AST),[],Smith Jr.,103,118,Made,True,True,1631095,1631466.0,2pt made,2pt made,,,,1627884|1628467|1628988|1629029|1630256|1631095|1631466|202681|203493|203501,1610612745.0,22301083
4,PT02M57.00S,02:57,Q4 02:57,1.05,601,2pt,K. Irving 17' pullup Jump Shot (24 PTS),[],Irving,103,120,Made,True,False,202681,,3pt made,2pt made,,,,1627884|1628467|1628988|1629029|1630256|1631095|1631466|202681|203493|203501,1610612742.0,22301083
4,PT02M39.00S,02:39,Q4 02:39,1.35,602,2pt,J. Smith Jr. 8' pullup Jump Shot (28 PTS),['pointsinthepaint'],Smith Jr.,105,120,Made,True,False,1631095,,2pt made,2pt made,,,,1627884|1628467|1628988|1629029|1630256|1631095|1631466|202681|203493|203501,1610612745.0,22301083
4,PT02M14.00S,02:14,Q4 02:14,1.7666666666666666,603,2pt,M. Kleber 12' pullup Jump Shot (2 PTS) (K. Irving 7 AST),['pointsinthepaint'],Kleber,105,122,Made,True,True,1628467,202681.0,2pt made,turnover,,,,1627884|1628467|1628988|1629029|1630256|1631095|1631466|202681|203493|203501,1610612742.0,22301083
4,PT01M59.00S,01:59,Q4 01:59,0.01666666666666672,605,turnover,A. Holiday bad pass TURNOVER (1 TO),[],Holiday,105,122,,False,False,1628988,,2pt made,steal,,1629029.0,,1627884|1628467|1628988|1629029|1630256|1631095|1631466|202681|203493|203501,1610612745.0,22301083
4,PT01M59.00S,01:59,Q4 01:59,0.01666666666666672,606,steal,L. Doncic STEAL (2 STL),[],Doncic,105,122,,False,False,1629029,,turnover,foul,,,,1627884|1628467|1628988|1629029|1630256|1631095|1631466|202681|203493|203501,1610612742.0,22301083
4,PT01M58.00S,01:58,Q4 01:58,0.033333333333333326,607,foul,A. Holiday personal FOUL (2 PF),[],Holiday,105,122,,False,False,1628988,,steal,timeout,1629029.0,,,1627884|1628467|1628988|1629029|1630256|1631095|1631466|202681|203493|203501,1610612745.0,22301083
4,PT01M58.00S,01:58,Q4 01:58,0.033333333333333326,609,timeout,HOU Timeout,"['team', 'mandatory']",,105,122,,False,False,0,,foul,substitution,,,,1627884|1628467|1628988|1629029|1630256|1631095|1631466|202681|203493|203501,1610612745.0,22301083
4,PT01M58.00S,01:58,Q4 01:58,0.033333333333333326,610,substitution,SUB out: T. Hardaway Jr.,[],Hardaway Jr.,105,122,,False,False,203501,,timeout,substitution,,,,1627884|1628467|1628988|1629029|1630256|1631095|1631466|202681|203493,1610612742.0,22301083
4,PT01M58.00S,01:58,Q4 01:58,0.033333333333333326,611,substitution,SUB out: K. Irving,[],Irving,105,122,,False,False,202681,,substitution,substitution,,,,1627884|1628467|1628988|1629029|1630256|1631095|1631466|203493,1610612742.0,22301083
4,PT01M58.00S,01:58,Q4 01:58,0.033333333333333326,612,substitution,SUB out: M. Kleber,[],Kleber,105,122,,False,False,1628467,,substitution,substitution,,,,1627884|1628988|1629029|1630256|1631095|1631466|203493,1610612742.0,22301083
4,PT01M58.00S,01:58,Q4 01:58,0.033333333333333326,613,substitution,SUB out: D. Jones Jr.,[],Jones Jr.,105,122,,False,False,1627884,,substitution,substitution,,,,1628988|1629029|1630256|1631095|1631466|203493,1610612742.0,22301083
4,PT01M58.00S,01:58,Q4 01:58,0.033333333333333326,614,substitution,SUB out: L. Doncic,[],Doncic,105,122,,False,False,1629029,,substitution,substitution,,,,1628988|1630256|1631095|1631466|203493,1610612742.0,22301083
4,PT01M58.00S,01:58,Q4 01:58,0.033333333333333326,615,substitution,SUB in: M. Morris,[],Morris,105,122,,False,False,202693,,substitution,substitution,,,,1628988|1630256|1631095|1631466|202693|203493,1610612742.0,22301083
4,PT01M58.00S,01:58,Q4 01:58,0.033333333333333326,616,substitution,SUB in: J. Hardy,[],Hardy,105,122,,False,False,1630702,,substitution,substitution,,,,1628988|1630256|1630702|1631095|1631466|202693|203493,1610612742.0,22301083
4,PT01M58.00S,01:58,Q4 01:58,0.033333333333333326,617,substitution,SUB in: D. Powell,[],Powell,105,122,,False,False,203939,,substitution,substitution,,,,1628988|1630256|1630702|1631095|1631466|202693|203493|203939,1610612742.0,22301083
4,PT01M58.00S,01:58,Q4 01:58,0.033333333333333326,618,substitution,SUB in: A. Lawson,[],Lawson,105,122,,False,False,1630639,,substitution,substitution,,,,1628988|1630256|1630639|1630702|1631095|1631466|202693|203493|203939,1610612742.0,22301083
4,PT01M58.00S,01:58,Q4 01:58,0.033333333333333326,619,substitution,SUB in: O. Prosper,[],Prosper,105,122,,False,False,1641765,,substitution,2pt missed,,,,1628988|1630256|1630639|1630702|1631095|1631466|1641765|202693|203493|203939,1610612742.0,22301083
4,PT01M46.00S,01:46,Q4 01:46,0.23333333333333328,620,2pt,MISS O. Prosper 10' turnaround Hook,"['pointsinthepaint', 'fromturnover']",Prosper,105,122,Missed,True,False,1641765,,substitution,rebound,,,,1628988|1630256|1630639|1630702|1631095|1631466|1641765|202693|203493|203939,1610612742.0,22301083
4,PT01M44.00S,01:44,Q4 01:44,0.2666666666666667,621,rebound,O. Prosper REBOUND (Off:1 Def:0),[],Prosper,105,122,,False,False,1641765,,2pt missed,2pt missed,,,,1628988|1630256|1630639|1630702|1631095|1631466|1641765|202693|203493|203939,1610612742.0,22301083
4,PT01M42.00S,01:42,Q4 01:42,0.30000000000000004,622,2pt,MISS A. Lawson 6' driving floating Shot,"['pointsinthepaint', 'fromturnover', '2ndchance']",Lawson,105,122,Missed,True,False,1630639,,rebound,rebound,,,,1628988|1630256|1630639|1630702|1631095|1631466|1641765|202693|203493|203939,1610612742.0,22301083
4,PT01M41.00S,01:41,Q4 01:41,0.31666666666666665,623,rebound,A. Holiday REBOUND (Off:1 Def:3),[],Holiday,105,122,,False,False,1628988,,2pt missed,3pt missed,,,,1628988|1630256|1630639|1630702|1631095|1631466|1641765|202693|203493|203939,1610612745.0,22301083
4,PT01M32.00S,01:32,Q4 01:32,0.4666666666666667,624,3pt,MISS J. Smith Jr. 24' running pullup 3PT,['fastbreak'],Smith Jr.,105,122,Missed,True,False,1631095,,rebound,rebound,,,,1628988|1630256|1630639|1630702|1631095|1631466|1641765|202693|203493|203939,1610612745.0,22301083
4,PT01M30.00S,01:30,Q4 01:30,0.5,625,rebound,J. Hardy REBOUND (Off:0 Def:1),[],Hardy,105,122,,False,False,1630702,,3pt missed,3pt missed,,,,1628988|1630256|1630639|1630702|1631095|1631466|1641765|202693|203493|203939,1610612742.0,22301083
4,PT01M24.00S,01:24,Q4 01:24,0.6,626,3pt,MISS J. Hardy 26' pullup 3PT,[],Hardy,105,122,Missed,True,False,1630702,,rebound,rebound,,,,1628988|1630256|1630639|1630702|1631095|1631466|1641765|202693|203493|203939,1610612742.0,22301083
4,PT01M22.00S,01:22,Q4 01:22,0.6333333333333333,627,rebound,A. Holiday REBOUND (Off:1 Def:4),[],Holiday,105,122,,False,False,1628988,,3pt missed,2pt made,,,,1628988|1630256|1630639|1630702|1631095|1631466|1641765|202693|203493|203939,1610612745.0,22301083
4,PT01M12.00S,01:12,Q4 01:12,0.8,628,2pt,N. Williams driving finger roll Layup (2 PTS),['pointsinthepaint'],Williams,107,122,Made,True,False,1631466,,rebound,turnover,,,,1628988|1630256|1630639|1630702|1631095|1631466|1641765|202693|203493|203939,1610612745.0,22301083
4,PT00M56.50S,00:56,Q4 00:56,-0.9333333333333333,629,turnover,J. Hardy bad pass TURNOVER (2 TO),[],Hardy,107,122,,False,False,1630702,,2pt made,steal,,1628988.0,,1628988|1630256|1630639|1630702|1631095|1631466|1641765|202693|203493|203939,1610612742.0,22301083
4,PT00M56.50S,00:56,Q4 00:56,-0.9333333333333333,630,steal,A. Holiday STEAL (2 STL),[],Holiday,107,122,,False,False,1628988,,turnover,3pt missed,,,,1628988|1630256|1630639|1630702|1631095|1631466|1641765|202693|203493|203939,1610612745.0,22301083
4,PT00M51.20S,00:51,Q4 00:51,-0.85,631,3pt,MISS A. Holiday 25' running pullup 3PT,"['fromturnover', 'fastbreak']",Holiday,107,122,Missed,True,False,1628988,,steal,rebound,,,,1628988|1630256|1630639|1630702|1631095|1631466|1641765|202693|203493|203939,1610612745.0,22301083
4,PT00M50.60S,00:50,Q4 00:50,-0.8333333333333334,632,rebound,A. Lawson REBOUND (Off:0 Def:1),[],Lawson,107,122,,False,False,1630639,,3pt missed,3pt missed,,,,1628988|1630256|1630639|1630702|1631095|1631466|1641765|202693|203493|203939,1610612742.0,22301083
4,PT00M41.00S,00:41,Q4 00:41,-0.6833333333333333,633,3pt,MISS M. Morris 25' 3PT,[],Morris,107,122,Missed,True,False,202693,,rebound,rebound,,,,1628988|1630256|1630639|1630702|1631095|1631466|1641765|202693|203493|203939,1610612742.0,22301083
4,PT00M39.20S,00:39,Q4 00:39,-0.65,634,rebound,O. Prosper REBOUND (Off:2 Def:0),[],Prosper,107,122,,False,False,1641765,,3pt missed,3pt made,,,,1628988|1630256|1630639|1630702|1631095|1631466|1641765|202693|203493|203939,1610612742.0,22301083
4,PT00M36.20S,00:36,Q4 00:36,-0.6,635,3pt,J. Hardy 26' 3PT  (8 PTS) (O. Prosper 1 AST),['2ndchance'],Hardy,107,125,Made,True,True,1630702,1641765.0,rebound,3pt missed,,,,1628988|1630256|1630639|1630702|1631095|1631466|1641765|202693|203493|203939,1610612742.0,22301083
4,PT00M25.20S,00:25,Q4 00:25,-0.4166666666666667,637,3pt,MISS J. Smith Jr. 24' 3PT,[],Smith Jr.,107,125,Missed,True,False,1631095,,3pt made,rebound,,,,1628988|1630256|1630639|1630702|1631095|1631466|1641765|202693|203493|203939,1610612745.0,22301083
4,PT00M24.50S,00:24,Q4 00:24,-0.4,638,rebound,J. Hardy REBOUND (Off:0 Def:2),[],Hardy,107,125,,False,False,1630702,,3pt missed,turnover,,,,1628988|1630256|1630639|1630702|1631095|1631466|1641765|202693|203493|203939,1610612742.0,22301083
4,PT00M01.20S,00:01,Q4 00:01,-0.016666666666666666,639,turnover,DAL shot clock Team TURNOVER,['team'],,107,125,,False,False,0,,rebound,,,,,1628988|1630256|1630639|1630702|1631095|1631466|1641765|202693|203493|203939,1610612742.0,22301083
